3 0.2734375 0.23671875 0.46875 0.1453125
3 0.7546875 0.2484375 0.459375 0.1453125
8 0.2640625 0.39765625 0.4609375 0.146875
2 0.27265625 0.55546875 0.4640625 0.15
5 0.7484375 0.40546875 0.465625 0.1421875
7 0.7453125 0.55703125 0.471875 0.153125
4 0.709375 0.72265625 0.4765625 0.153125
4 0.0921875 0.70703125 0.090625 0.0703125
1 0.1984375 0.69609375 0.08125 0.0609375
1 0.16484375 0.76484375 0.0796875 0.0609375
6 0.26875 0.7609375 0.08125 0.0609375
6 0.30390625 0.69609375 0.0734375 0.05625
6 0.39921875 0.68984375 0.0765625 0.059375
0 0.3734375 0.75703125 0.0703125 0.053125