4 0.62890625 0.82109375 0.0984375 0.1328125
6 0.7484375 0.8171875 0.0828125 0.109375
0 0.85234375 0.81953125 0.0765625 0.0984375
1 0.61953125 0.67890625 0.0828125 0.0984375
1 0.725 0.684375 0.0828125 0.1
6 0.8203125 0.68828125 0.0859375 0.1015625
2 0.28359375 0.75859375 0.53125 0.3046875
4 0.771875 0.4953125 0.4546875 0.20625
7 0.28984375 0.4984375 0.446875 0.20625
5 0.33046875 0.325 0.390625 0.15
8 0.740625 0.3109375 0.3953125 0.153125
3 0.33828125 0.18828125 0.3484375 0.1265625
3 0.7 0.178125 0.353125 0.121875