3 0.86953125 0.31484375 0.2078125 0.3953125
3 0.85390625 0.7171875 0.2078125 0.3796875
5 0.62734375 0.71796875 0.2078125 0.3921875
8 0.63125 0.30703125 0.221875 0.3984375
7 0.39921875 0.72265625 0.2421875 0.40625
4 0.1390625 0.69765625 0.246875 0.4140625
4 0.153125 0.15703125 0.109375 0.0796875
2 0.390625 0.31484375 0.234375 0.403125
1 0.1703125 0.25078125 0.096875 0.071875
1 0.0609375 0.21953125 0.096875 0.071875
6 0.06953125 0.31171875 0.0984375 0.071875
6 0.17265625 0.34375 0.0921875 0.0671875
6 0.1875 0.428125 0.09375 0.0671875
0 0.07890625 0.40546875 0.0796875 0.0609375