3 0.30390625 0.13359375 0.384375 0.1484375
3 0.69765625 0.15078125 0.359375 0.1453125
8 0.2921875 0.28125 0.43125 0.171875
2 0.2703125 0.47578125 0.4828125 0.2453125
5 0.725 0.29921875 0.40625 0.1671875
7 0.75703125 0.4796875 0.4625 0.215625
4 0.7484375 0.74140625 0.5015625 0.2921875
4 0.078125 0.72734375 0.10625 0.1328125
1 0.2 0.70234375 0.0921875 0.1140625
1 0.1453125 0.8421875 0.0953125 0.128125
6 0.42421875 0.68359375 0.0828125 0.1015625
6 0.3171875 0.7 0.084375 0.103125
6 0.26875 0.82734375 0.0953125 0.1296875
0 0.39296875 0.8125 0.078125 0.109375