2 0.26953125 0.81171875 0.4765625 0.3546875
4 0.5765625 0.8734375 0.09375 0.1375
1 0.5765625 0.725 0.078125 0.10625
1 0.6828125 0.734375 0.084375 0.109375
6 0.78125 0.74140625 0.0859375 0.1140625
6 0.8859375 0.753125 0.084375 0.10625
6 0.6953125 0.87734375 0.0828125 0.1140625
0 0.80078125 0.88515625 0.078125 0.1046875
4 0.75703125 0.51953125 0.4828125 0.2734375
7 0.27421875 0.521875 0.428125 0.221875
5 0.3171875 0.31953125 0.38125 0.1828125
8 0.73671875 0.29921875 0.4265625 0.1875
3 0.7109375 0.1328125 0.3875 0.171875
3 0.33046875 0.15546875 0.3515625 0.1609375