3 0.29765625 0.2703125 0.134375 0.453125
3 0.2921875 0.73828125 0.134375 0.4453125
5 0.43984375 0.7328125 0.1375 0.45
7 0.59375 0.75625 0.15625 0.465625
2 0.77265625 0.73515625 0.165625 0.4703125
8 0.4484375 0.25625 0.146875 0.45625
4 0.61015625 0.253125 0.1578125 0.48125
4 0.80546875 0.42890625 0.06875 0.0890625
1 0.7265625 0.428125 0.0625 0.08125
6 0.80703125 0.3203125 0.059375 0.078125
1 0.73125 0.325 0.0609375 0.078125
6 0.7375 0.2328125 0.0609375 0.08125
0 0.81171875 0.22578125 0.053125 0.0671875