3 0.32734375 0.1375 0.384375 0.21875
3 0.7390625 0.13671875 0.4046875 0.2265625
5 0.3359375 0.36796875 0.390625 0.2171875
8 0.75390625 0.3734375 0.403125 0.2265625
7 0.3203125 0.609375 0.3953125 0.234375
4 0.75859375 0.62734375 0.4234375 0.2390625
2 0.34296875 0.87578125 0.396875 0.2421875
1 0.6046875 0.80546875 0.06875 0.0921875
1 0.6921875 0.81328125 0.06875 0.0921875
6 0.7734375 0.82109375 0.0703125 0.0921875
4 0.60390625 0.92265625 0.075 0.1015625
6 0.69765625 0.92578125 0.0671875 0.0859375
0 0.7796875 0.93046875 0.059375 0.0765625