9 0.38454201209732924 0.5356984059516386 0.18030937697836452 0.16293744668999893
9 0.5420745511069098 0.49868765993000325 0.17800989258219674 0.14885676535645337
9 0.6361664670948549 0.6234507552514583 0.1860680540475858 0.15363517202418073
9 0.7821971828349727 0.3520559185630502 0.17743668249628844 0.13791926535645346
9 0.6632690411572872 0.23070872457832223 0.19042800542706678 0.147439716024817
9 0.5611067548612401 0.33977573659295796 0.17908106965141818 0.13949994668999893
9 0.4155353052907813 0.39619046327977514 0.18212418249628842 0.13797380935708983
9 0.3899101062861495 0.2503057986155478 0.16954229534115867 0.1362658586887262
9 0.5043676746943723 0.13718708593254855 0.18870173111680727 0.1442965346912716
21 0.7601937873120999 0.5586877265675045 0.14224281094499105 0.1218942760184536
21 0.6956598965389256 0.4609411172422314 0.1581953595655099 0.12832608935390813