9 0.5630181542576638 0.4273098502198328 0.1135274607105858 0.1568681444174141
9 0.3277015082676584 0.7608001028521115 0.13020553846084476 0.14603063836728988
9 0.36340991418246116 0.5878893227978822 0.1354024607105858 0.15699540944452864
9 0.25817014247083947 0.4759711057789778 0.13398550992479744 0.16011131908544912
9 0.18364952377853633 0.30213869603986143 0.1472860306029619 0.177371541958086
9 0.41772277088305215 0.41174445843469754 0.1289341368892682 0.1522715480082102
9 0.4936580705115487 0.26360641940347773 0.1435788337461151 0.16485336123992678
9 0.39951846463952717 0.13833877469147612 0.1607663337461151 0.16495335518980253
9 0.3248352959044428 0.26302567818407646 0.13100605913900915 0.1632181383672898
21 0.4813037355225793 0.5520376603282914 0.11941358767505647 0.14909200585373233
21 0.4590028581438239 0.7108041271508041 0.11258139081820957 0.1365556444174139