37 0.66796875 0.5890625 0.0984375 0.025
37 0.25234375 0.6921875 0.096875 0.03125
37 0.21796875 0.8890625 0.1 0.02421875
37 0.66953125 0.77265625 0.10390625 0.03203125
38 0.2296875 0.60078125 0.08203125 0.07421875
38 0.20859375 0.7859375 0.07265625 0.0796875
31 0.2921875 0.58671875 0.0625 0.0578125
31 0.2734375 0.771875 0.0671875 0.06015625
39 0.71953125 0.66328125 0.01953125 0.02421875
39 0.7203125 0.8546875 0.02734375 0.02265625
39 0.7015625 0.48828125 0.0203125 0.0203125
39 0.67890625 0.32734375 0.02734375 0.025
40 0.65078125 0.471875 0.0796875 0.09609375
36 0.6609375 0.5203125 0.09765625 0.01875