40 0.7028849813732465 0.19579874745458464 0.18147236697916008 0.2656427067862034
40 0.735058592143489 0.5321073943443069 0.17726309910131272 0.2900959026391664
31 0.24786289940087514 0.1640065455228708 0.10704670970237729 0.15208876324231463
31 0.24189878138294488 0.4957835172948152 0.10742934697528081 0.1567762632423147
33 0.26917940319389705 0.2998367387839357 0.12748675546001173 0.15542837672018495
33 0.261285994419302 0.6561742131477782 0.12251221303635713 0.17050657257314797
38 0.1832102101614192 0.249132692695417 0.12174668061464215 0.2371472684261109
38 0.16742468199176802 0.5762611206879169 0.12177863152302777 0.2185339694628702
39 0.7734842659209934 0.2509948039106959 0.05347542848861035 0.10396433006601846
39 0.7948480513868242 0.5512682059842143 0.03721269970043757 0.09478481969842587
35 0.5721451644037847 0.21353163454236218 0.07407419728454165 0.3183002321395369
35 0.5874181886597277 0.5741369438731955 0.08880611910519214 0.3847454383600926
37 0.2248698754832878 0.7498455921770374 0.14725737939699587 0.09355309330833314
36 0.7432225521357303 0.32367017775615875 0.12008910151720861 0.06480337672018503
37 0.6979895425928325 0.39608171145083465 0.14779951333591956 0.08118979434509228