27 0.8121837977388481 0.7949084970769931 0.07289397095570571 0.05989706348717298
28 0.8420083946199928 0.5144980240466948 0.2078861228251611 0.16023079544054114
28 0.8701073159859728 0.3772222443777007 0.20210971950581325 0.16600719875988892
29 0.4244951275990461 0.19962576617253225 0.07720296265733602 0.07575886182749914
29 0.4631576537435551 0.3365570811095978 0.0900814709557057 0.06119945435896632
29 0.7045289375617342 0.34891075807465516 0.06820647095570571 0.05954186597668398
15 0.6830030153705616 0.6766222835944644 0.09571616431700995 0.07405465186945541
15 0.47266824399993723 0.6383447240559835 0.0748116684661948 0.06470296265733602
15 0.533176923664287 0.4828983622284844 0.08501546265733602 0.0763508576783142
7 0.31224911702559116 0.5122110443916338 0.0628085759347277 0.0498116684661948
18 0.5119703101864028 0.7940852385781307 0.08165366431700996 0.07298905933798813
18 0.5806868506293443 0.2388630970816374 0.10123245850815117 0.08534734937994451
19 0.7248852912913561 0.1509342767459871 0.06304537427505359 0.052936668466194936
19 0.5818321856876343 0.07770045413525171 0.06508147095570571 0.05930506763635794