40 0.37330600291040683 0.3369867512366177 0.08983137023308566 0.16165699568106334
40 0.3337623201561168 0.576489342229604 0.10244049763774728 0.16558303207825792
39 0.3366244584453697 0.3159523604282014 0.02529266587924912 0.054626943244739844
39 0.29372016271438817 0.5400802752953111 0.02249504809323426 0.06380168414544123
36 0.3242906056354793 0.4905716286267987 0.08557540145127884 0.03978199568106326
36 0.368893810622288 0.2624373342100396 0.07754464664195541 0.03303134793281677
37 0.3732390263240518 0.428192742137319 0.07765377404661714 0.03615634793281686
37 0.32610109837908513 0.6619459808785522 0.0870833377489479 0.03831962523071262
35 0.4343525971979588 0.575499736277223 0.028169673135643336 0.22630168414544122
35 0.47238834365457977 0.3345347748338858 0.030714319777598576 0.25452681369509056
38 0.7087623201561167 0.552458250313767 0.057400816149401554 0.17049177513842756
38 0.7499949884824366 0.3315554649963066 0.062013905079475865 0.1240172933370248
31 0.6904910137101801 0.38369775833333153 0.06739088584218215 0.09941781153562221
31 0.65719733095589 0.6227998311277206 0.059632949544512925 0.10047966378737563
33 0.6540401038213808 0.5123129141011425 0.06081350362819702 0.08964229333702498
33 0.6909672180640165 0.2807730174326301 0.06522818511654283 0.08213018198597286
37 0.7297866706037545 0.21826372301587113 0.08870040145127885 0.03998225478036197
37 0.6805778111704421 0.4443546560815781 0.08568452885594055 0.042906995681063265