37 0.6473384479114743 0.5368476254209271 0.11519987012586874 0.06012402286549072
37 0.2483528057902813 0.7533680143431523 0.10546967261537983 0.055109140651505586
37 0.2180411116037845 0.5775520480084163 0.09706517676456468 0.04702382213985139
40 0.6214648773753314 0.4052900905745368 0.144202131123531 0.1343799784004535
37 0.6079952958415265 0.3465425731513417 0.11195647095570571 0.05845239546082901
38 0.1583155271701944 0.3271825149761244 0.07599566016782515 0.07745536660488846
38 0.1824956205268542 0.5016542361201839 0.08740675684847724 0.08408731252120454
31 0.20641040766902546 0.28888141760852964 0.07384116431701004 0.06958830290255769
31 0.2686554956271005 0.6396775365756708 0.08440015601864026 0.08554068511654282
39 0.6166859794545683 0.2215698550025071 0.03697978174358667 0.03557540145127884
39 0.6708728815245163 0.4113565520999495 0.03361798340326061 0.03234127404661713
40 0.6644774811049535 0.5985837335882952 0.15753092531467203 0.1457539880191005
36 0.578344607254107 0.2751140064537859 0.1069137734452168 0.05360120435383653
36 0.6364969589091365 0.4639830442954011 0.10992037427505377 0.05214783175849824