40 0.3734375 0.321875 0.19296875 0.10234375
40 0.64609375 0.30625 0.14921875 0.1078125
39 0.428125 0.26796875 0.071875 0.0265625
39 0.7 0.259375 0.06484375 0.0265625
36 0.48984375 0.3078125 0.0515625 0.10078125
36 0.77265625 0.3046875 0.04375 0.11328125
38 0.39375 0.78203125 0.196875 0.065625
38 0.63125 0.7921875 0.1578125 0.0625
31 0.57265625 0.72421875 0.1140625 0.06875
31 0.31484375 0.71796875 0.10859375 0.06640625
33 0.44375 0.7140625 0.1046875 0.0703125
33 0.70625 0.7234375 0.10078125 0.075
37 0.77265625 0.76328125 0.04609375 0.11171875
37 0.27265625 0.3203125 0.046875 0.103125
37 0.5546875 0.3125 0.04609375 0.10859375
35 0.6796875 0.440625 0.325 0.0234375
35 0.375 0.44140625 0.28203125 0.03125