40 0.696655392745893 0.3117863655944103 0.11122461037760659 0.17104115824437507
40 0.7263708166106727 0.5495591225282646 0.12355958963168216 0.21032186379145834
38 0.30407772905358293 0.32838479882131966 0.09129061867597636 0.15497974715020843
31 0.35767540311885526 0.28439971589941 0.06766294191141169 0.11075696846486113
31 0.347392789016271 0.4986252168493405 0.07836364357108563 0.10788654160312508
33 0.3688040024987997 0.3798031348773614 0.07897895020978138 0.09542290919430566
33 0.35794197055472055 0.6275496506449307 0.08506392946385706 0.13455814437666688
38 0.28788865706754746 0.5572903956109376 0.08347811867597636 0.15479790919430556
39 0.7525035736596426 0.3489603636945492 0.026729365976683895 0.06457164627652778
39 0.7758739091421398 0.5647490178548618 0.029617567636357832 0.06151938145888884
35 0.601378781543094 0.33062532494121577 0.055141476354290474 0.23368532218833343
35 0.6178255334171936 0.609422472167674 0.0703413464801594 0.2901898953265974