40 0.6067464663315334 0.36094242608208715 0.08528403590796181 0.1572317920114541
40 0.654985020193476 0.5958628660884505 0.09780221662612103 0.16050224267981755
39 0.6417527254067197 0.33557025608685964 0.02374657220870695 0.0533977200031817
39 0.6938111708574061 0.5556923994270866 0.020676114363184794 0.0627363573360908
36 0.6607305052645573 0.5092168414226322 0.08457498789975162 0.0353567920114541
36 0.6070913790957118 0.2859515167488599 0.07672612646343317 0.029015885343726833
37 0.610403252337691 0.452385038749178 0.07674430718159223 0.03214088534372674
37 0.6664179447633153 0.6811463854232687 0.0861283975406721 0.03381247334499946
35 0.5558435382456528 0.6079896014083147 0.021621511707465048 0.22523635733609063
35 0.5075913488450907 0.3707254114019514 0.023347638170898043 0.25337953866963625
38 0.2817020562978296 0.6180800273710891 0.052535168421519084 0.16778748400699967
38 0.23122883674484235 0.40188231536440766 0.05851245764913058 0.12098520934118148
31 0.29242086679907164 0.44634138737268003 0.06461701190385671 0.0960579346753633
31 0.3359810110200939 0.682769783378407 0.05681360226293632 0.09752952800763595
33 0.33455434552544105 0.5718231927116343 0.05831246974937896 0.0866102093411815
33 0.28791465309981684 0.3431709340388164 0.06295451795398091 0.07885225334181775
37 0.24695785499341083 0.2856669693666348 0.08769998789975161 0.03539315467854491
37 0.30527084562363693 0.5066430880410435 0.08459316861791084 0.038481792011454095