27 0.153125 0.24609375 0.05390625 0.0671875
28 0.43046875 0.2 0.1421875 0.19375
28 0.565625 0.1640625 0.1484375 0.18828125
29 0.76796875 0.59765625 0.06875 0.0703125
29 0.6296875 0.5671875 0.053125 0.08359375
29 0.603125 0.32734375 0.05390625 0.06171875
15 0.278125 0.36796875 0.06640625 0.0890625
15 0.328125 0.575 0.0578125 0.06875
15 0.4796875 0.50625 0.06875 0.078125
7 0.46328125 0.72734375 0.04375 0.05859375
18 0.17109375 0.5453125 0.06640625 0.075
18 0.71953125 0.44453125 0.0765625 0.09375
19 0.79921875 0.29609375 0.046875 0.0578125
19 0.88046875 0.43359375 0.05234375 0.05859375