40 0.30546875 0.315625 0.1640625 0.090625
40 0.54296875 0.31640625 0.203125 0.09765625
38 0.3109375 0.7109375 0.15078125 0.07109375
31 0.26796875 0.6515625 0.10546875 0.05390625
31 0.48125 0.6890625 0.10234375 0.06484375
33 0.3640625 0.65234375 0.09140625 0.0671875
33 0.61015625 0.6953125 0.1296875 0.06953125
38 0.53828125 0.75625 0.15 0.0640625
39 0.34453125 0.2640625 0.06328125 0.01796875
39 0.56015625 0.26875 0.059375 0.021875
35 0.32109375 0.41328125 0.23203125 0.02578125
35 0.6 0.4328125 0.28671875 0.0328125