38 0.27939851480251127 0.41531273360375315 0.11397856415651582 0.20144594606059663
38 0.32494725400516966 0.6238230506154112 0.11403912091177607 0.17812684523075967
31 0.3734662947213009 0.5479224788298683 0.10186049352159507 0.13366645020978146
31 0.3236608520948699 0.3342394097436179 0.09687260487264701 0.12862375269929238
33 0.36212017966962096 0.44437142634035737 0.09743380937615384 0.11311715186945541
33 0.41615204734219446 0.6750051970862818 0.09667234577334831 0.1254987526992924
37 0.39797134869878387 0.7588124346387272 0.12355621838316733 0.08399833693238996
40 0.8047768514765611 0.4916884086947107 0.1667426187523077 0.22410311867597627
40 0.7131949190291629 0.26311496803269885 0.15274067550756776 0.19971842531467213
37 0.6870749051495022 0.17402915724481818 0.11211807063492074 0.07535704274124866
37 0.7534367921004073 0.3888127850443569 0.11544332973421945 0.07871884108157463
39 0.8594037947213009 0.5111003369091679 0.04180557063492074 0.07002908008391255
39 0.7812730929955712 0.2964234528858519 0.04014294108527139 0.06834818091374953
36 0.8428857256275396 0.5963516752914503 0.11660531153562204 0.07258724025173784
35 0.726687084375 0.72082273125 0.7422672593749999 0.71567531875 0.625564903125 0.3959971578125 0.609638425 0.4069124546875 0.726687084375 0.72082273125
35 0.623241234375 0.39699402031250003 0.6422138734375 0.3925338875 0.5626073500000001 0.1795462890625 0.5449487546875 0.19021734375 0.623241234375 0.39699402031250003