40 0.64765625 0.334375 0.1484375 0.096875
40 0.4171875 0.33125 0.171875 0.08203125
38 0.63359375 0.72578125 0.13359375 0.06328125
31 0.58828125 0.6734375 0.08671875 0.06328125
31 0.37109375 0.68125 0.1125 0.06640625
33 0.4828125 0.66328125 0.10546875 0.07890625
33 0.684375 0.66796875 0.0984375 0.0734375
38 0.4453125 0.7328125 0.18984375 0.06796875
39 0.44140625 0.2984375 0.06875 0.0203125
39 0.6703125 0.29453125 0.04140625 0.01875
35 0.41875 0.4296875 0.23046875 0.021875
35 0.65 0.43671875 0.2671875 0.025