40 0.619325003082319 0.3295079491286492 0.17716088217054313 0.1391096575674326
40 0.39954223164451924 0.37613243031251165 0.19541023442229638 0.13217045285270287
38 0.731306677971578 0.7156145771265773 0.15142040252860856 0.10208053846084475
31 0.671772189230345 0.6738958039672134 0.1053068661314139 0.0874700748547749
31 0.4680650007659672 0.7282792812221345 0.13090764342931002 0.0980094685684687
33 0.5682361790513122 0.686988655291121 0.13004605027685515 0.10887419396136266
33 0.7612759777870078 0.6484656184829062 0.12027053207825808 0.10218754631872748
38 0.5551737769841288 0.7627142473094037 0.2089720866740498 0.12501292431665564
39 0.4119328076781108 0.3385425390800173 0.07427810919158376 0.040847631926869445
39 0.628240125692138 0.28630375868194313 0.04555233189368764 0.030162688998963995
35 0.4321625693983031 0.4719008486333112 0.23489423658176473 0.09194786724456101
35 0.6537581647102263 0.4292553920565547 0.27007027297895936 0.10604890860089