37 0.34050947121774355 0.6087207482841404 0.10861258700597229 0.03751202335696498
37 0.7604609081474658 0.7396096647523962 0.09916485182361115 0.03411423871722903
37 0.7632371499793408 0.5570017532321982 0.09120688145888885 0.027636918184115445
40 0.34590287319385454 0.47147080087056514 0.118170731382639 0.11273934389007838
37 0.3491538533422226 0.4098884431904331 0.1054875870059723 0.03742109514371954
38 0.7805285270698266 0.2936212148315385 0.05933993882958344 0.06730717194503928
38 0.7847108000555906 0.4733087148315385 0.07035017401194459 0.07075042069139795
31 0.7291472118153475 0.26636238136630136 0.060684233282499986 0.05797763605166182
31 0.7235583605604171 0.6300157044066973 0.06729790919430556 0.07378449247815269
39 0.32131718123013914 0.28728601748447025 0.03037848423243066 0.030551318025830908
39 0.2986648504924309 0.48805289561857335 0.027217116641249994 0.028897889812585655
40 0.333443160047327 0.6740956956977155 0.1293264369297223 0.12243259263643722
36 0.36686672378319474 0.3323317445232167 0.10225348423243066 0.03264266693047428
36 0.34030814304548657 0.5329849623907631 0.10374324905006951 0.029563131037096825