40 0.8291917602409951 0.3710161885964336 0.18854437343752686 0.27454881508027745
40 0.7855753520379037 0.6897668971260634 0.18672426820408994 0.24329881508027745
31 0.39021401827467717 0.18726130296925853 0.11296897881213823 0.15134646946287017
31 0.30993206797821105 0.4903678876534254 0.1311575366905286 0.1700376808672221
33 0.3716977786568465 0.33643153482597155 0.12610601564384122 0.16337757775694417
33 0.2930616283462629 0.654450220028518 0.1257419945971538 0.15712757775694436
38 0.3038662655732541 0.25277014283722166 0.1485718208208084 0.2555062891612961
38 0.2232279995058898 0.5364138280397681 0.1383021787556685 0.2126352839774997
39 0.841574723056356 0.7304205828942576 0.05674979991529554 0.09357363421305535
39 0.8847129891237205 0.44349607280948905 0.05077281570031076 0.09771433006601846
35 0.6310698625612474 0.679358494486897 0.16355832594130604 0.40605309330833317
35 0.6940509207925736 0.33276574995351715 0.13849814178279124 0.3494517787937035