40 0.2589235413844298 0.17498276757779255 0.17165807326946272 0.24179800992479744
40 0.17699635346107445 0.45936207568334436 0.17346623473485204 0.24655828453190337
31 0.6692823507475409 0.5089123879272346 0.12562187697836436 0.1663955955329392
31 0.7180152583677429 0.17386314578511755 0.10260045680654777 0.1435017510334573
33 0.678863147897722 0.32609988792723466 0.10745173111680746 0.14684507485477488
33 0.6201001430364819 0.6740857777119869 0.12693871551297525 0.16178087014004525
38 0.7753154240170037 0.27017091150088324 0.1253562833553712 0.2505522717116217
38 0.723375629241672 0.606928202857212 0.12454405585660826 0.20531254631872767
39 0.10936179613412818 0.4858924964853434 0.04833568068726608 0.089537688998964
39 0.1807266203081021 0.2246060860224266 0.04471935775648759 0.08001713978475226
35 0.389562709747224 0.1953958132773476 0.08800676956056108 0.3111601319268694
35 0.24968158125 0.7188977750000001 0.27046447812499996 0.7284609546875 0.39874020625 0.352343140625 0.373439878125 0.3466162171875 0.24968158125 0.7188977750000001