40 0.19753300832859488 0.7454715816876387 0.14586955140632513 0.2469139804327085
40 0.2156542445256115 0.4156749789140971 0.15071887749004845 0.2126844507974308
31 0.6439504104960416 0.8037658992232286 0.0897866946765232 0.13477634992375015
31 0.7000982287082806 0.4793282904657633 0.10598469764227278 0.14920252583555554
33 0.6501897761230919 0.6506408992232287 0.10104252965749509 0.14284342306201392
33 0.703849264297275 0.3106510256481244 0.10235036167271758 0.13662979065319458
38 0.7240782622829276 0.7144838872553814 0.10648871642535304 0.23819229065319458
38 0.7810245765408339 0.4087599109067354 0.10464237353571555 0.19287979065319458
39 0.15732974996281895 0.3912756973789582 0.04100168479069151 0.08681032218833336
39 0.13660743718778737 0.6891319691304513 0.03344385277546911 0.09287848423243066
35 0.3684582509514021 0.381678572569583 0.08948158304098666 0.3954592767854862
35 0.3333431743362061 0.7454326012549303 0.07475323817418289 0.3404808360560418