40 0.6421875 0.390625 0.15234375 0.0796875
40 0.40625 0.3515625 0.15703125 0.0921875
39 0.6671875 0.35390625 0.053125 0.021875
39 0.44609375 0.3109375 0.06328125 0.01875
36 0.49296875 0.3421875 0.03125 0.0828125
36 0.7171875 0.38671875 0.025 0.07578125
37 0.55078125 0.390625 0.028125 0.075
37 0.32109375 0.34375 0.0296875 0.084375
35 0.396875 0.4515625 0.22578125 0.01328125
35 0.63515625 0.48984375 0.25390625 0.01328125
38 0.39296875 0.72578125 0.165625 0.0453125
38 0.61015625 0.7671875 0.11953125 0.053125
31 0.5640625 0.7078125 0.09296875 0.0609375
31 0.32734375 0.67421875 0.0953125 0.05234375
33 0.43828125 0.67109375 0.084375 0.0546875
33 0.6671875 0.70859375 0.0765625 0.06015625
37 0.72578125 0.746875 0.03125 0.0859375
37 0.50390625 0.69765625 0.03359375 0.0828125