40 0.7713933068246049 0.32298147161741064 0.16682613912390706 0.24848616689245615
40 0.7154482174879371 0.636074613860923 0.16453166560701077 0.21567366689245623
39 0.8297628177203681 0.4007656348918222 0.04539961733238087 0.09267217887824372
39 0.7575371645217299 0.7036649055840372 0.04641581411407199 0.08494156603337366
36 0.7837508312140216 0.4551764959276701 0.1167611651028075 0.0668333751693421
36 0.7093670983139712 0.7828710487320606 0.12969820767745474 0.07373847241038015
37 0.15358735585553968 0.6268667944366475 0.14957366510280767 0.0685530054270668
31 0.2694773203125 0.2456106921875 0.345989775 0.2636476765625 0.34951963125 0.13687735 0.2721738734375 0.1140947921875 0.2694773203125 0.2456106921875
31 0.20606777968749998 0.43815462343749995 0.293327840625 0.466774046875 0.3174854640625 0.33962582812500003 0.23592063125 0.3060439953125 0.20606777968749998 0.43815462343749995
33 0.2649029015625 0.326684459375 0.354345578125 0.3606249703125 0.3557204625 0.28630145625000003 0.269468428125 0.2755002890625 0.2649029015625 0.326684459375
33 0.161258340625 0.5949529046875 0.25190091406250004 0.6333147328125001 0.28445570937500003 0.503492059375 0.1956589234375 0.471437075 0.161258340625 0.5949529046875
38 0.16171194024852892 0.42024165818602893 0.14821825075630463 0.2272729081860289
38 0.2334291310781355 0.23251700814060036 0.1090029314464526 0.1785145036180446
35 0.533321121875 0.8320559031249999 0.5528079375 0.8340331078125001 0.6012134953125 0.44912841718749996 0.5807234890624999 0.443618821875 0.533321121875 0.8320559031249999
35 0.618082753125 0.4567385265625 0.6401173578125 0.4599419703125 0.6445126859375 0.145109540625 0.6150935953125 0.1446890125 0.618082753125 0.4567385265625
37 0.724441169213307 0.5197878725673503 0.15532092055068922 0.10621677973732631