40 0.23515625 0.24140625 0.23671875 0.1234375
40 0.56484375 0.22890625 0.203125 0.13203125
31 0.18984375 0.69375 0.12890625 0.07890625
31 0.515625 0.71953125 0.1421875 0.0921875
33 0.34296875 0.6859375 0.1359375 0.0890625
33 0.68359375 0.7078125 0.1296875 0.08984375
38 0.28125 0.765625 0.23203125 0.08359375
38 0.58828125 0.79453125 0.1859375 0.08671875
39 0.5875 0.16875 0.08359375 0.0328125
39 0.28984375 0.17578125 0.09140625 0.02421875
35 0.603125 0.37890625 0.3921875 0.05234375
35 0.2390625 0.37734375 0.3375 0.04453125