36 0.9925319656053903 0.667011093627381 0.014936068789219447 0.15159124373179383
36 0.17350347238833702 0.7166071753102514 0.12375647748246603 0.08158027210332364
36 0.06325427822074657 0.3519429332278103 0.0854554410852715 0.06798913354437941
39 0.04081687615356331 0.42930105509370725 0.03156897748246605 0.07889788981258547
40 0.9310635394795135 0.6906819258389769 0.13787292104097304 0.18330790815498563
39 0.9849837311046521 0.7331816629068532 0.030032537790695812 0.04713106426490725
31 0.674873810142121 0.7967263035108616 0.10997338217054295 0.13420516693047446
31 0.5404664227297907 0.4092837909744492 0.11369915946843889 0.14367109514371973
33 0.6244559006736821 0.6573061023363627 0.10801036397194572 0.12790970282385175
33 0.4867232541620531 0.26682951801319565 0.11612325262089378 0.13282452335696499
40 0.10156341147102373 0.4611899010953566 0.1566667119047624 0.20574519780928674