40 0.6421875 0.63125 0.10859375 0.125
37 0.65234375 0.575 0.103125 0.02421875
37 0.2140625 0.6703125 0.09765625 0.0265625
37 0.63828125 0.775 0.109375 0.03515625
37 0.1734375 0.8640625 0.1015625 0.03671875
40 0.65546875 0.43984375 0.0984375 0.096875
37 0.65546875 0.39296875 0.08828125 0.02265625
37 0.23515625 0.4890625 0.08515625 0.02890625
38 0.203125 0.5890625 0.0796875 0.0953125
38 0.228125 0.4078125 0.06875 0.07578125
31 0.29140625 0.2234375 0.059375 0.0484375
31 0.26171875 0.56953125 0.05859375 0.0578125
39 0.696875 0.11796875 0.028125 0.02421875
39 0.69140625 0.27890625 0.02421875 0.028125
36 0.65234375 0.49921875 0.09765625 0.01953125
36 0.63359375 0.90703125 0.11171875 0.03359375