31 0.23448022557819886 0.6742709072680401 0.09191526232447185 0.12057445435896633
31 0.27640985527009676 0.4429267415011376 0.09733974672063965 0.1349921518694554
33 0.26352367367831947 0.554112695235404 0.1067966338757694 0.1372650468904336
33 0.299653682723431 0.3137011827878493 0.11485479534115868 0.14254454274124856
38 0.1867254782917323 0.5977074846526603 0.1197746687014785 0.2067254419114118
38 0.21615510798363022 0.36541612552445357 0.11106140999505118 0.18894594606059661
40 0.609565434759596 0.7160271576922475 0.13803334577069998 0.1987712319533678
39 0.6741535572154046 0.6809193744987684 0.041594357756487454 0.08096658008391255
40 0.7031328075540889 0.4572217653705616 0.16475297602842467 0.2334781186759763
39 0.7599560176399971 0.4505466354964304 0.04258364767057934 0.07014747925407558
35 0.5075459113538476 0.6871190624614878 0.08357821913101979 0.258452962657336
35 0.5833835515611951 0.3924586805127642 0.10017257688750743 0.33752515601864025