40 0.21328125 0.2375 0.22265625 0.1375
40 0.5 0.2 0.2265625 0.1375
31 0.5203125 0.70078125 0.1515625 0.1015625
31 0.18515625 0.696875 0.13125 0.0828125
33 0.3390625 0.68203125 0.13515625 0.0859375
33 0.6875 0.67734375 0.14765625 0.1046875
38 0.27734375 0.76953125 0.2375 0.08671875
38 0.61484375 0.7703125 0.18984375 0.0953125
39 0.53046875 0.13671875 0.08515625 0.03515625
39 0.2671875 0.1671875 0.075 0.0328125
35 0.22578125 0.37109375 0.3046875 0.04140625
35 0.3768704203125 0.379030253125 0.3810721765625 0.4052763421875 0.7614643328125 0.335827828125 0.7531954734374999 0.3135050484375 0.3768704203125 0.379030253125