37 0.23855914626343724 0.8962158396316822 0.09220734736759484 0.05217965186945541
37 0.6516593469890767 0.9446607205547206 0.09209821996293321 0.049054651869455054
37 0.3048983865599724 0.5646357981398333 0.1033085384745874 0.05769594606059662
37 0.7347222958157995 0.6011018199346649 0.09673115626060227 0.047847349379944504
38 0.7348711179556509 0.6946150215943389 0.09513393992586625 0.09136055103961845
38 0.7821032381039184 0.5298905933798818 0.10478175843752044 0.09988344606059663
31 0.66919155425332 0.688079756447492 0.07600199400955017 0.07900226099766208
31 0.7132986744015876 0.5231185298927088 0.07912699400955034 0.07923905933798814
39 0.2754985740387679 0.48137301224706197 0.027599210344286185 0.03170028589277152
39 0.2515501864673052 0.6657829784288831 0.029161710344286274 0.031818685062934546
40 0.3657366497219983 0.34328286162700644 0.124841287293461 0.1388042361025529
36 0.32222724109914336 0.4584216869370342 0.11435516587924913 0.06164974025173784