33 0.2609375 0.7734375 0.0859375 0.09296875
33 0.5421875 0.74296875 0.08828125 0.10625
33 0.80546875 0.7546875 0.09140625 0.09921875
31 0.16875 0.79453125 0.096875 0.0953125
31 0.44453125 0.753125 0.07578125 0.0828125
31 0.71875 0.75625 0.0875 0.0890625
36 0.246875 0.2 0.05390625 0.1796875
36 0.58359375 0.17734375 0.0390625 0.190625
36 0.8890625 0.17890625 0.03515625 0.16484375
40 0.8 0.190625 0.159375 0.1578125
39 0.8421875 0.121875 0.06484375 0.03671875
39 0.53125 0.11015625 0.06796875 0.040625
40 0.159375 0.22734375 0.16328125 0.1671875
39 0.19453125 0.15 0.06796875 0.03203125