29 0.7146070073101912 0.7550869034350134 0.09185230925276536 0.07347719473518968
28 0.7368146128267831 0.33373025860715655 0.21552736282348786 0.1808581635169964
28 0.3850378786550956 0.3785119574338794 0.1996569009729347 0.16625002649368784
28 0.3382605158316078 0.5504216737686154 0.20132849512873605 0.17255459019601868
27 0.189658969157449 0.2411408990890261 0.0981841298696163 0.07838294954451311
18 0.3713453457806545 0.22247028855940537 0.08878185633066601 0.07649306733052796
18 0.4325115276027307 0.7937029370154594 0.09804776217486459 0.07057044954451293
18 0.6258366079588142 0.6456722086998237 0.10435230925276535 0.07391370435383635
19 0.5425780487060491 0.7131201143274538 0.06334547970746059 0.05062004809323426
7 0.5151947573068959 0.26657993102500954 0.08713753571381488 0.07175100362819711
15 0.5156957690780187 0.5065873721320021 0.07935230925276535 0.07304068511654283