37 0.66953125 0.60546875 0.10625 0.03203125
37 0.2484375 0.709375 0.09765625 0.028125
37 0.2484375 0.5265625 0.08984375 0.02265625
40 0.66640625 0.4671875 0.1125 0.10625
37 0.66328125 0.40546875 0.10234375 0.03046875
38 0.23359375 0.26171875 0.05703125 0.0640625
38 0.22734375 0.44140625 0.0671875 0.0671875
31 0.2859375 0.2375 0.0578125 0.0546875
31 0.28671875 0.60234375 0.0625 0.0703125
39 0.69296875 0.284375 0.028125 0.02734375
39 0.71328125 0.4875 0.02421875 0.0265625
40 0.67578125 0.67109375 0.1234375 0.1140625
36 0.646875 0.3265625 0.1 0.0265625
36 0.67109375 0.5296875 0.103125 0.0234375