33 0.8566382809347466 0.7392665159952616 0.11538134727034191 0.11141294191141178
33 0.7527041259271885 0.4638269628810507 0.12815436305535766 0.11704763527271585
33 0.6945829998588258 0.20041473570156754 0.12355786831702957 0.11825493776222676
31 0.9014418176958625 0.8274419448344187 0.12070588410204479 0.12270563942190087
31 0.7885876889966635 0.5591044966992296 0.10215330517696727 0.09796574855010753
31 0.7190285339891055 0.28626972532860534 0.11078485253201382 0.1126202444009226
36 0.3065612281768537 0.829810512247062 0.19277830517696729 0.10483290041956295
36 0.19544463374910914 0.4978249612074436 0.19986276308359247 0.0929248962703781
36 0.11551712613895004 0.1938702444009226 0.17275423151356134 0.08153711037760658
40 0.1509456629000658 0.2813352782191016 0.19851163666229374 0.20327040041956296
39 0.07357182082080846 0.24824916846619488 0.05418624203690505 0.0756637734452168
39 0.14457935473932682 0.5593059902517377 0.05905575256024873 0.07914397095570572
40 0.35573374652211803 0.9038784954382187 0.2082506577089811 0.19224300912356257
39 0.2718746860128918 0.8886284825780677 0.0495897472985769 0.07687107593472789