38 0.8495487412910183 0.41144479274048684 0.18089361348611988 0.26028680262104176
38 0.1297410434817317 0.5385384359797918 0.14574572367353414 0.23292421561506949
31 0.7414574449727998 0.47225304654020894 0.14157504922121245 0.19691398043270852
31 0.21387200257378947 0.49515341831236126 0.10610891066226813 0.1586138934267362
37 0.1169956879131708 0.707887848023889 0.12754598997087013 0.09040940729444458
37 0.8683084161390514 0.22347266726552156 0.1817166644231918 0.12758340539458352
35 0.40850986731355043 0.25420502925402816 0.14646845236163308 0.41875261284152787
35 0.506452993006878 0.7302428120234379 0.13865595236163308 0.41857077488562505
37 0.7141638560972863 0.6311007164680908 0.1512562746106063 0.10032992116215293
37 0.23837556057049056 0.3784568807932988 0.14969377461060623 0.10029355357097228
40 0.6853448711409811 0.761768835009202 0.18186508010002492 0.24001067021222228
40 0.27468043659302255 0.2323274164125002 0.19398464687221456 0.2808902433504862
39 0.7282166812492532 0.8198365613578478 0.07156877461060632 0.09847517401194458