29 0.37019963652211574 0.28558373997785075 0.11179145020978139 0.1004586798265045
29 0.8274615651607802 0.5805041047249888 0.1298077444009227 0.11249760487264701
29 0.6932641639160246 0.5914589959948303 0.12332094606059663 0.1089720866740496
29 0.5479390859067046 0.5591645350129186 0.1278900468904336 0.10770997532299767
29 0.41086513839621547 0.5632383706072341 0.1287188410815748 0.11864747532299766
29 0.39751487864795326 0.6771401843023247 0.1630938410815747 0.1208503254152827
29 0.2562592261537979 0.5017069925987443 0.13399833693238977 0.12676036397194573
29 0.13710556183678788 0.4418289497231448 0.1219952444009226 0.11199695712440043
29 0.2603412296782829 0.40017477097637444 0.1282452444009226 0.11239747532299767
29 0.38584979254075596 0.3677954626799548 0.14062684523075958 0.1116360117201923
7 0.38176778901627106 0.4693276843023247 0.13823555103961843 0.10059838217054295
7 0.5211379423356189 0.45411608960871047 0.11685745850815117 0.0852341980251019
7 0.6604381632913248 0.5001423835640442 0.0997883576783142 0.08569527297895937
7 0.5855476749136869 0.6721558883444061 0.11995914772027057 0.10564682757475126
7 0.600114124699261 0.38782165870247176 0.08887416846619481 0.06478199568106327
7 0.6070610190955392 0.30337680753045254 0.09559776514684692 0.07143251387966068
7 0.7116077317528753 0.36733108112772067 0.10665366431700996 0.07369592072720588
7 0.492560811212088 0.3256301442045023 0.08887416846619481 0.06478199568106335
7 0.2504674769789905 0.31131253007567306 0.08501546265733602 0.07541910703211538
7 0.12530061100230652 0.2549600053986708 0.10217965186945537 0.09673290252860856