11 0.27331188831167375 0.57578125 0.13105803667377874 0.1890625
11 0.4397334690760971 0.39375 0.14161289940087513 0.184375
11 0.32591008513717334 0.38125 0.1308348960668953 0.1671875
11 0.5181926642346069 0.2078125 0.13408744182452992 0.16875
11 0.40248791590159677 0.19921875 0.13692539940087514 0.184375
11 0.7242992719607333 0.23828125 0.17522262485506807 0.175
11 0.6626297377028505 0.64921875 0.18179136031120038 0.2171875
11 0.5114979302762863 0.7109375 0.1252545757634536 0.15625
11 0.41160911376586656 0.58515625 0.1311219384905499 0.1515625
11 0.3873750330014431 0.7671875 0.1499355824314133 0.190625
21 0.5723072398288824 0.52109375 0.10341152667183913 0.1375
21 0.5733270901381433 0.35546875 0.13851985030926067 0.165625