7 0.9160197300684061 0.5356896066077235 0.11515338001272682 0.09773315027015243
7 0.749023134070633 0.546257540458322 0.118205654678545 0.09159227767481415
7 0.6875594700827234 0.6331374923650877 0.113609061346272 0.09924108656782167
7 0.5877327400938593 0.7116493835647475 0.11177384134309029 0.07574902286549072
7 0.36395833808081446 0.6077803059826005 0.12285679201145401 0.08863096878180662
7 0.407225985399406 0.5007416214990299 0.12292951734563573 0.09488096878180681
7 0.5826436087284972 0.47563003801125114 0.12592724801081764 0.08405259618646851
7 0.7120396600493158 0.38799860715587775 0.12759883601209018 0.0934821598887993
7 0.46372942938413403 0.39026047848527157 0.13237724267981754 0.10145835099579185
7 0.11945326539622439 0.4672644002701524 0.1386817866804539 0.10636410580511538
29 0.47208101543599523 0.7724281377410988 0.14011701734563572 0.09548116950744615
29 0.5845884640754055 0.5756573198624166 0.11675224267981754 0.10091271397248339
29 0.4823543494191324 0.6486186155085802 0.13074201734563573 0.09515378729346118
29 0.37843955609481383 0.7113690974524128 0.11675224267981754 0.10091271397248339
29 0.24043047875554135 0.6628174916472975 0.12136701734563582 0.09482640507947586
29 0.07541345874440551 0.5750570529025577 0.13697383601209034 0.09380954210278461
29 0.2560452934038604 0.5282614423729369 0.11353633601209037 0.09299108656782167
29 0.3039277153882702 0.4151364489963589 0.12761701734563582 0.09504465988879929
29 0.36029479937140735 0.2929365559826006 0.14816587468172662 0.11606648801910051
29 0.5962868433720436 0.30586317503455984 0.14507723734881744 0.1190823606144388