38 0.8878681141258061 0.6926279910283893 0.12879061867597627 0.15790002471457926
38 0.8680721419207004 0.45206665802458373 0.12218542116548718 0.15295785672980172
34 0.7997052632959691 0.6977876763133725 0.08825886182749905 0.07524935079830275
34 0.7786544444102115 0.45100817680766403 0.09138386182749905 0.07537668479069168
32 0.6388134622563507 0.61187137543852 0.3206247663962468 0.2638502302655176
32 0.6296823029137182 0.34658195646515927 0.308716762247062 0.2711533942959624
37 0.8297218821724381 0.5664766679104154 0.16614706348717298 0.0753077006080222
30 0.2462106425454004 0.5706613739928263 0.2139244805034754 0.2330220415204934
30 0.24570819938458882 0.27445753604610484 0.18231928299298641 0.2270612015966055
37 0.3799899562330661 0.35048684235816474 0.15966026514684692 0.07192803262324476
37 0.3984611493938776 0.6459585098486507 0.17694285352912936 0.09443970258518881
37 0.8513321599673326 0.3242281595074585 0.1711897609976621 0.0801862015966055