32 0.6884020123473601 0.5012968860986886 0.22712701093324056 0.18204694753799586
32 0.9067983967250688 0.6195559411585827 0.18640320654986234 0.19029649011264294
32 0.3723477853916194 0.4825240148310357 0.1903105161170367 0.1872371920901143
32 0.28142211460916605 0.30573727572679893 0.21646291300675893 0.18440712303236378
34 0.43843884297902636 0.7168554561648454 0.08570234561740726 0.07432229282674854
34 0.4693977341193044 0.549624397498655 0.08597574769092589 0.07744729282674853
34 0.18997761691824025 0.2398169808063635 0.07931564458064803 0.07232275025210155
34 0.7569476693218509 0.43126325552475625 0.08570234561740726 0.07432229282674854
34 0.8607922966076839 0.6928238323761768 0.07904224250712985 0.06919775025210165
30 0.10559836574046175 0.6230115290809936 0.11824002648462924 0.19772694183801284
30 0.12388159962342507 0.4456624252422663 0.14765412441111075 0.19667789406758568
30 0.6775990877952301 0.692271447362769 0.2370884798304626 0.13615529333095164