10 0.3359375 0.23828125 0.16875 0.13359375
10 0.2046875 0.38203125 0.15234375 0.12890625
10 0.26796875 0.4984375 0.15859375 0.12890625
10 0.32421875 0.6734375 0.2046875 0.15625
10 0.49140625 0.76796875 0.23515625 0.17109375
10 0.846875 0.57265625 0.225 0.1640625
10 0.63828125 0.4875 0.17890625 0.13125
10 0.625 0.5 0.171875 0.121875
10 0.41640625 0.3921875 0.17890625 0.14375
10 0.55703125 0.26796875 0.175 0.13359375
10 0.68984375 0.378125 0.16875 0.13671875
19 0.46640625 0.578125 0.1390625 0.11875
19 0.6578125 0.665625 0.15859375 0.10703125