11 0.32109375 0.4578125 0.159375 0.11015625
11 0.3046875 0.3640625 0.1546875 0.09765625
11 0.29375 0.590625 0.15703125 0.1234375
11 0.10546875 0.596875 0.16640625 0.1140625
11 0.3796875 0.7015625 0.17421875 0.15546875
11 0.6109375 0.84296875 0.17421875 0.13046875
11 0.7015625 0.6921875 0.128125 0.11953125
11 0.83203125 0.6046875 0.16171875 0.1140625
11 0.65390625 0.4078125 0.16171875 0.10859375
11 0.4796875 0.43671875 0.15234375 0.09453125
21 0.5859375 0.54375 0.16171875 0.09453125
21 0.54375 0.6390625 0.1453125 0.10703125