30 0.2984375 0.25078125 0.2609375 0.11953125
30 0.73828125 0.73828125 0.30390625 0.12890625
32 0.325 0.559375 0.3328125 0.190625
32 0.72265625 0.4 0.3109375 0.175
38 0.78515625 0.19765625 0.19453125 0.059375
38 0.2453125 0.7859375 0.23671875 0.0671875
34 0.21484375 0.70625 0.1046875 0.0734375
34 0.80859375 0.26875 0.11171875 0.0640625
37 0.61484375 0.24375 0.04453125 0.11953125
37 0.2359375 0.36171875 0.06171875 0.11171875
37 0.43125 0.73359375 0.05625 0.1328125
37 0.8265625 0.60234375 0.071875 0.1234375