38 0.21484375 0.12734375 0.07265625 0.1078125
38 0.828125 0.58125 0.10234375 0.16875
34 0.29375 0.1140625 0.06796875 0.06015625
34 0.2609375 0.31484375 0.0828125 0.06015625
34 0.7390625 0.54140625 0.0859375 0.05703125
30 0.7671875 0.1578125 0.11015625 0.15078125
30 0.7671875 0.359375 0.11015625 0.1671875
30 0.2125 0.60703125 0.1109375 0.2
32 0.4265625 0.16484375 0.17421875 0.140625
32 0.415625 0.384375 0.21328125 0.17265625
37 0.26171875 0.2265625 0.1453125 0.03125
37 0.63359375 0.325 0.14453125 0.03203125
37 0.63046875 0.1171875 0.13359375 0.0328125
37 0.2265625 0.43671875 0.16484375 0.021875