38 0.4559829301859448 0.16914290988350955 0.1421325056999832 0.11797979534115868
38 0.7387625791972091 0.13252822196015424 0.14314870248167466 0.11024918249628843
34 0.691144898002858 0.23465728799352775 0.09125842055068922 0.10285940637700666
34 0.4219578554282112 0.2549918786758451 0.08122785668871887 0.09299308344622811
32 0.44667436011978817 0.43583908695273105 0.25687198491686286 0.267216234734852
32 0.7202375462578178 0.43084289122745967 0.2568391339281272 0.28900934757972224
37 0.3483686280529169 0.6394797433297377 0.07226775595208465 0.18748671189493055
37 0.8568134566690484 0.18082852386003356 0.07437655917039336 0.19538109905006032
37 0.5929820055247562 0.6811471856641071 0.05744043144645268 0.17581222749876274
30 0.36303814338815565 0.8192967181149671 0.21292560694082044 0.173063443011738
30 0.6041441086071788 0.8665966847595961 0.22001684110137862 0.2076841044771271