29 0.2671875 0.3397806497458862 0.09375 0.15077281570031092
29 0.3171875 0.4473803181193853 0.090625 0.1287158051769673
29 0.3265625 0.6268325996894164 0.09375 0.15077281570031092
29 0.44453125 0.8821409969456411 0.1078125 0.15159186305535782
29 0.425 0.713034681174743 0.0890625 0.14424979991529535
29 0.5640625 0.7351966494635376 0.1140625 0.1472683841020448
29 0.71484375 0.8330411572148708 0.1328125 0.15773544724210709
29 0.84453125 0.6140320939336343 0.1390625 0.1752869682887946
29 0.559375 0.316954883678522 0.11875 0.16472889988706055
29 0.4578125 0.3961957916698518 0.0921875 0.142869310438639
7 0.34765625 0.28977992072198644 0.0734375 0.1152147472985769
7 0.6921875 0.23875283092062913 0.103125 0.16225634727034208
7 0.44375 0.2203767443148051 0.0796875 0.1187037683452643
7 0.72578125 0.42664694404657394 0.103125 0.1575688472703419
7 0.59765625 0.5004345125894822 0.1015625 0.14497784200867017
7 0.39921875 0.5341893443571575 0.0921875 0.11786931043863902
7 0.50859375 0.5874347126741869 0.096875 0.13532982622365458
7 0.86171875 0.24393940181202475 0.11875 0.18191639988706054
7 0.68828125 0.6268065677664495 0.1125 0.15498987884037305
7 0.5984375 0.9231362652203181 0.1078125 0.14221686305535783