32 0.7749739680770331 0.32660500207142384 0.23373650512049765 0.16047954342324341
32 0.44577710466873965 0.6059330529382654 0.23749854195220052 0.17156259263745516
32 0.5671115913027985 0.8196252177444083 0.21442506299888783 0.17672097353086755
32 0.26428012080669105 0.24698620016661574 0.22316302616718486 0.16622012117350246
34 0.18874252353634896 0.14709967018282638 0.0959187157285458 0.06835620181924558
34 0.5841585232540003 0.42636321526320897 0.09270271046687384 0.06664815260503384
34 0.8407270416698518 0.41989692969784825 0.08847023677523325 0.07424232878371625
34 0.3280582546263873 0.6560679476854163 0.0797476841585147 0.05825345574818712
34 0.6989839466068226 0.7703978515333045 0.0785492052052021 0.06443068114108108
30 0.7960999972279897 0.11097784801864788 0.26096686305535766 0.11967476095825477
30 0.2631935758707188 0.4569797843270155 0.25969278939195173 0.09779976095825482
30 0.7408921835938174 0.6156889268023642 0.1281991366622938 0.1945205955329392