7 0.0984375 0.41796875 0.1015625 0.07421875
7 0.265625 0.43359375 0.10703125 0.06875
7 0.34375 0.3578125 0.09921875 0.07734375
7 0.45859375 0.296875 0.103125 0.053125
7 0.65859375 0.43359375 0.1109375 0.0640625
7 0.59375 0.53203125 0.1109375 0.0703125
7 0.415625 0.52890625 0.11640625 0.05859375
7 0.2703125 0.59453125 0.11640625 0.06875
7 0.515625 0.63125 0.11875 0.07578125
7 0.871875 0.609375 0.12421875 0.07890625
29 0.58515625 0.25546875 0.128125 0.0671875
29 0.43359375 0.43046875 0.103125 0.07890625
29 0.55 0.375 0.11875 0.06875
29 0.66484375 0.3296875 0.103125 0.07734375
29 0.79140625 0.39921875 0.10859375 0.0703125
29 0.9375 0.5109375 0.125 0.0671875
29 0.74921875 0.52890625 0.1015625 0.0703125
29 0.67890625 0.63203125 0.11640625 0.0703125
29 0.5984375 0.74296875 0.13203125 0.0875
29 0.36796875 0.69296875 0.128125 0.09140625