29 0.20091618293995506 0.6947395480084163 0.13880680471268486 0.16217759618646851
29 0.18809142860463057 0.4763268539061988 0.1494121140435182 0.17656747840045348
29 0.05617350461814843 0.3640054470974423 0.11234700923629685 0.16261410580511537
29 0.20493434189421342 0.23039679501319138 0.1368342016024071 0.15743553248413758
29 0.350460746842454 0.14275540735691059 0.13568180471268487 0.16206846878180675
29 0.4541024481620372 0.07114084610165046 0.13554510367592557 0.14228169220330092
29 0.414202743684908 0.29552325409153324 0.12480309330833297 0.14455358656782166
29 0.468052330678149 0.4634349511889756 0.15634561922731435 0.18459823320977709
7 0.7091278070682419 0.5656149769648732 0.10890469123481453 0.14088294954451291
7 0.5977699335056029 0.5297816590861911 0.14995891819055523 0.18281747840045348
7 0.5265455017434263 0.20436748603536586 0.17558363477870315 0.2086359339354164
7 0.06348913567365788 0.5619692319438327 0.12697827134731576 0.14520835099579193