38 0.12265625 0.3609375 0.0875 0.13515625
38 0.18203125 0.59375 0.08125 0.1328125
34 0.2078125 0.3375 0.07265625 0.05703125
34 0.26953125 0.5765625 0.07421875 0.0546875
32 0.37890625 0.38984375 0.26171875 0.19453125
32 0.4328125 0.64921875 0.24609375 0.20703125
37 0.2 0.4734375 0.1578125 0.03046875
30 0.76953125 0.3515625 0.15390625 0.19375
30 0.81953125 0.64296875 0.121875 0.19609375
37 0.67578125 0.5953125 0.1515625 0.0296875
37 0.60859375 0.3078125 0.16171875 0.05
37 0.21953125 0.71640625 0.16171875 0.0359375