38 0.2527495981537665 0.8595505901562557 0.12729805103961844 0.0977911447471513
38 0.5295010136969545 0.18658839495203877 0.19600142946385707 0.141472678245597
34 0.21894143798594143 0.7832406472283504 0.07779495850815117 0.08147263192686935
34 0.42243329089037085 0.7872689834556648 0.08042305103961844 0.0956079065339754
34 0.514848363076899 0.28088205045255676 0.0790973493799445 0.09866013192686944
30 0.13625068901162665 0.3084011590151746 0.17905072780418307 0.14379715756743253
30 0.33100615934263256 0.2793258968140656 0.1949125261445091 0.14764990363849115
30 0.7178758454544741 0.7924660215022248 0.22831702199532417 0.1569906703877141
32 0.23334471225635073 0.6445612909420442 0.18691169461070406 0.20644270678164425
32 0.4481642288530903 0.6234269613297583 0.22760847220510563 0.250376797352185
37 0.33689853259200103 0.7988549927612898 0.06906042116548727 0.15113016046291677
37 0.33283153631697865 0.4164256364749834 0.06894202199532425 0.14956766046291675
37 0.13296251349646185 0.449933687551222 0.06823162697434611 0.14019266046291676
37 0.5489841354964304 0.8032835893276863 0.06579371120744355 0.16966183664159934