10 0.22490715174290918 0.6844637172979107 0.16927670171816525 0.22058631468808992
10 0.36593386420366664 0.8241427406110933 0.13786957146044046 0.1874283693507266
10 0.42019971958530505 0.5931830946053664 0.16402263568479167 0.17992495202099903
10 0.5236445448909327 0.7348609699236398 0.15603971732199753 0.20637836401972648
10 0.7225224581653443 0.6794542125636867 0.17627033016686777 0.2050522213558171
10 0.8444428030315331 0.5132923158816418 0.16418640999505135 0.18304995202099902
10 0.575410599277203 0.35792575258595827 0.16870349163225704 0.20964881468808994
10 0.2881695488476616 0.41592225529122917 0.1826841044771273 0.2082499466899989
10 0.43226478686187403 0.30337570727245733 0.14444712008095947 0.19375109468490823
19 0.636343697988579 0.521179183243186 0.15103131275401332 0.1704045013526354
19 0.7597789552246683 0.3261110365611412 0.1415744255988834 0.16873291335136278