30 0.71328125 0.6037685980468008 0.1109375 0.2642738735787013
30 0.28515625 0.20136028974488757 0.128125 0.3777749314570917
32 0.43984375 0.6009445188393745 0.1765625 0.293096094568919
32 0.5953125 0.2364207453030255 0.18125 0.3168066103539345
34 0.7109375 0.14296760593930866 0.059375 0.09408319994353027
34 0.29921875 0.7106974923898409 0.08125 0.12035727360693613
38 0.21875 0.6880405133659411 0.0703125 0.21034523677523326
38 0.76171875 0.16735368493497357 0.059375 0.18314569994353028
37 0.60078125 0.6736022268871741 0.125 0.07290542093374804
37 0.41953125 0.11306508724110853 0.1359375 0.09541745776545088
37 0.278125 0.49630106342241087 0.14375 0.08180998407381015
37 0.71171875 0.32104710330847275 0.096875 0.05720482622365468