32 0.5089890537993863 0.59765625 0.14784691015912904 0.1703125
32 0.39957657692829524 0.8328125 0.14381497402109958 0.1796875
32 0.17995176382262948 0.621875 0.15522236758448216 0.1640625
34 0.1894620657035558 0.22890625 0.06774451089576328 0.075
34 0.1427409769479657 0.5171875 0.057495425746469396 0.0625
34 0.6010936983711752 0.31953125 0.06418246832111638 0.06875
34 0.590593968902194 0.53671875 0.06483803218308673 0.078125
34 0.3238774544001345 0.8875 0.06127598960843983 0.071875
30 0.1673978614571705 0.84609375 0.1733825056999832 0.1109375
30 0.5771934785374496 0.82890625 0.09767194753799587 0.2125
30 0.3482857726247058 0.38203125 0.09756268689433423 0.2109375