38 0.15625 0.18920358933773188 0.1125 0.08921091567683304
38 0.39921875 0.17822767075790497 0.1265625 0.08024509263643717
38 0.67109375 0.16406691620555844 0.1453125 0.09641566191590938
34 0.146875 0.27150762397746797 0.0546875 0.06565374373179385
34 0.3828125 0.2716737938774431 0.0625 0.07681856426490725
34 0.67109375 0.25000441620555847 0.0609375 0.08302310015828454
32 0.1984375 0.4184448084589195 0.1703125 0.22214308762187224
32 0.45625 0.42188073086617706 0.1953125 0.22755801332783515
32 0.75078125 0.4031544967678017 0.221875 0.24864340314042083
37 0.153125 0.6346070175509773 0.040625 0.14805706677218958
37 0.4234375 0.6361167271052535 0.0484375 0.15297188730530314
37 0.50390625 0.21502532561418536 0.0453125 0.1591309590920577
37 0.79609375 0.18933603767574397 0.0484375 0.16859688730530312
37 0.7203125 0.640759796846944 0.053125 0.16717077962517113
30 0.78359375 0.7850122505287255 0.2265625 0.1800297954602886
30 0.48203125 0.7765993231069028 0.1875 0.14295569279472176
30 0.1984375 0.7692260584589194 0.1734375 0.13785901583511767