38 0.23840956938535784 0.23111582936822567 0.10864090273485508 0.20263519867918128
38 0.13048678846145495 0.6239840346912716 0.0926971672787226 0.16030224801081766
31 0.204625661190491 0.5779271947008165 0.07818838606495566 0.11642497867599957
31 0.315928533629663 0.1819703520448616 0.08883884364130097 0.1321590666772722
37 0.2385695818031935 0.4015919613701347 0.11552914727484324 0.05754087468172653
37 0.1327514348182143 0.8069965293602716 0.11721919303247783 0.059121556015271894
37 0.6581652493717802 0.597280462762541 0.15299719636645773 0.07670904535327186
37 0.8124368718109523 0.20182360677908573 0.1492344675782853 0.06886018268618095
35 0.6161203680179304 0.33638786875395055 0.09818111910519214 0.3804692973424541
40 0.7855240722602959 0.3399230434436313 0.160043906068835 0.2204045013526354
40 0.625847472699941 0.7345350147596775 0.16830268728260195 0.26420904535327167
39 0.838697127560828 0.4070110934515855 0.04346269970043757 0.09260567067154532