38 0.6087896682415017 0.07415023518913727 0.1466071598887993 0.13401423111680744
38 0.3936258711597579 0.8761641938047073 0.14967759618646853 0.13261550542706715
31 0.5619568190598084 0.1647243255327703 0.10107640507947586 0.12538950361804463
31 0.44025038921592524 0.7692247970386393 0.09562501324684387 0.10326884215265544
40 0.37776286833416906 0.19153356626051615 0.12625994355406328 0.17661781094499088
37 0.46378221388766533 0.1846860227283798 0.05169645317271012 0.1851872274987628
37 0.2684993855877281 0.8640061097926525 0.047425615423762224 0.15221095318850325
35 0.6333630160724327 0.5540114755781989 0.2512549651536098 0.04903944482076028
35 0.35922365554281205 0.38746021992398927 0.28784722958158 0.06967284938874459
37 0.5380976121740833 0.7586380998430299 0.04608137023308565 0.15837906603337365
37 0.7182266664274033 0.11130499717492488 0.03805061542376222 0.15171963025772478
40 0.6226090214299104 0.7503099434660232 0.13697918874473985 0.17094102103089917