38 0.6818987380626398 0.8135078426419643 0.17355419961943924 0.16403688296032684
38 0.31236605433489356 0.12269036745395803 0.17661553262324467 0.16261993217453846
31 0.618453003385679 0.7439445134439634 0.1291038626613009 0.14481169396136268
31 0.3790495355518132 0.20847801013419445 0.11727502471457943 0.12242727171162171
40 0.43577049597130524 0.7875426178682428 0.16414470752810448 0.2010274607105856
37 0.5210368339180267 0.7617377890845265 0.09514003954332698 0.19157537799792798
37 0.19535762646428423 0.18116430107623854 0.08286553262324477 0.15825345574818703
35 0.6082529214076376 0.34361918176476286 0.25388368676785794 0.10695643713693723
35 0.3784712850203406 0.6054065140631358 0.29246602570316255 0.13526552770747777
37 0.4760346234985347 0.18212737179718422 0.08312020060802236 0.16450345574818703
37 0.7801080863894846 0.737974841608507 0.07342686562705047 0.15625430810555177
40 0.5588617109509646 0.1587754549241267 0.17339237353571574 0.19833910835322088