11 0.6058049111935104 0.40135602614540444 0.20786281203728052 0.16676129488495217
11 0.7091038194872358 0.6059531434354554 0.20438261452679143 0.16205561416679296
11 0.5593979721818838 0.7043446707592101 0.20137601369695446 0.16359993344863372
11 0.38608440704432556 0.3922617855151783 0.20812292116548728 0.14958288524403188
11 0.2525256232261465 0.42196694535249046 0.18023471950581332 0.15254425878059868
11 0.16238033960846027 0.7348618550916066 0.22213879958972588 0.19027151775758924
10 0.3844087049604443 0.7650725716195319 0.2155102912913561 0.2058510659621911
10 0.10876212260144662 0.5141402889330239 0.1985111228251612 0.14640334308955402
11 0.5429003242611206 0.5197924087571576 0.2003104211654872 0.14953743344863374
21 0.3759496226014466 0.5156947403356386 0.15573162697434614 0.13834540339440443
21 0.4007226344243013 0.6322964330558503 0.17412642946385706 0.13376698770335976