38 0.1703125 0.178125 0.07890625 0.1078125
38 0.18359375 0.42109375 0.06953125 0.121875
38 0.19609375 0.69296875 0.0828125 0.14140625
34 0.2515625 0.16328125 0.0609375 0.05
34 0.275 0.3984375 0.071875 0.0578125
34 0.28203125 0.68671875 0.07890625 0.05546875
32 0.403125 0.2046875 0.20703125 0.15546875
32 0.43203125 0.4609375 0.21015625 0.18046875
32 0.44296875 0.75546875 0.22734375 0.20546875
37 0.61484375 0.14453125 0.1453125 0.03203125
37 0.64296875 0.41328125 0.15 0.03828125
37 0.23046875 0.52265625 0.15546875 0.03359375
37 0.23359375 0.815625 0.16484375 0.03828125
37 0.6765625 0.70859375 0.1625 0.0421875
30 0.8265625 0.76171875 0.159375 0.21640625
30 0.78828125 0.46171875 0.125 0.1796875
30 0.753125 0.1796875 0.12109375 0.16640625