38 0.8351921742704554 0.5707541610151633 0.16029900512049763 0.15794305404758582
38 0.7968933266471777 0.3056105178671397 0.15212248407381015 0.1512836182719372
31 0.753790984850269 0.6310985187716509 0.11161931043863901 0.09775582654882306
31 0.7010579109045144 0.35970155359736006 0.11685284200867016 0.10737648801421233
37 0.13693595576989948 0.5240096308235517 0.1476632262518895 0.07472111827193721
40 0.18570884278512906 0.7029291689286211 0.19447658404557525 0.1831001843053107
37 0.19710209811738805 0.7747665473773235 0.1539132262518895 0.07504866689245623
37 0.7926700162791258 0.47173016282418556 0.15640118942018652 0.06427494120271575
37 0.7408847923051363 0.1706866412274596 0.16623121572854593 0.0725787641334942
36 0.15832656640618264 0.6381606620312161 0.18607327886860806 0.09231140999505119
35 0.360822234850269 0.6516931382867834 0.09673630503579292 0.2434025192218769