38 0.12406376542082012 0.2470974072815178 0.11760660703211538 0.08558337516934209
38 0.656574393115543 0.8535243854576491 0.1823094571244006 0.12323386137453234
34 0.12135787245293547 0.326375471505869 0.06876858883351807 0.07679487336031983
34 0.3160102359634559 0.2898591966297826 0.07123225478036196 0.09093926051544958
34 0.6049735178848302 0.7651712143813214 0.06820738433001132 0.09233798620519007
30 0.22800930212255652 0.7999191921072268 0.16562260487264702 0.13014560266810485
30 0.4278893861757126 0.7963791915413999 0.18270997532299765 0.12948386137453233
30 0.5998857857788857 0.23621737675122184 0.21582286397194572 0.13589099163225704
32 0.1889935602990045 0.4583934334007996 0.1649402868586199 0.19239994120271575
32 0.4060914227297907 0.4440763851189648 0.2002560255998528 0.23318207146044045
37 0.22896081893687778 0.29230476594251653 0.05003717766703612 0.14900406603337357
37 0.3757285040051696 0.662836351197767 0.04993704811738686 0.14744156603337366
37 0.16944822562753953 0.6637050531430748 0.05079864126984161 0.13658595318850325
37 0.4328379881229242 0.25393606399720864 0.043526361812477356 0.1689071302577248