38 0.36171875 0.171875 0.20078125 0.0859375
38 0.6546875 0.82421875 0.23125 0.12265625
31 0.578125 0.72734375 0.1546875 0.0875
31 0.42265625 0.24609375 0.1265625 0.07265625
37 0.18125 0.1984375 0.0671875 0.1296875
37 0.57265625 0.21953125 0.07109375 0.1296875
37 0.41875 0.76875 0.05390625 0.1484375
37 0.85859375 0.796875 0.0671875 0.13984375
35 0.278125 0.58125 0.4140625 0.025
35 0.73046875 0.38203125 0.40859375 0.025
40 0.2921875 0.77421875 0.23359375 0.14375
40 0.71015625 0.21796875 0.190625 0.12421875
39 0.2515625 0.83671875 0.07578125 0.03515625