38 0.4776523614860738 0.7903235293775992 0.21871677973732648 0.16565617728066223
38 0.5942357581406004 0.17039418240231832 0.19873847241038015 0.14068812818904788
31 0.567820422319523 0.2502250746761917 0.14586577792830405 0.1114791181871082
31 0.5241378578680292 0.6892395193756595 0.16074714947960161 0.12825203000581897
37 0.39730652645796605 0.24531378937953888 0.08451219810012063 0.1282522878817268
37 0.6816571087725404 0.700703693612206 0.09635045680654777 0.14633260818516866
35 0.31564816994467393 0.4238051933223419 0.3905984237898611 0.15012625637809568
35 0.760238052915932 0.4934335854270374 0.3749734237898611 0.14885079880175028
37 0.7627434187014785 0.13702421769897125 0.07990658525525021 0.12943215060882318
37 0.30355312019250114 0.8217961542326672 0.10514560266810502 0.16572033697334126
40 0.8163663014455942 0.6661697126980014 0.20522748982323477 0.17544576546195145