30 0.6449723916440344 0.6155284150155399 0.09274442775829606 0.21508565260503384
30 0.2558646217552368 0.2784716406133218 0.14325471671852172 0.33609166542531543
32 0.4348882796313256 0.6659052123677248 0.1679547077900679 0.3200685591390092
32 0.513295292209932 0.28833883044085534 0.13467855762791228 0.2919777923897861
38 0.24756378328477355 0.7987477533097689 0.0801898806803952 0.21137845574818712
34 0.3264018494373977 0.798978885650923 0.07523755357072241 0.1065454065339754
34 0.5934015779237469 0.21591371278200952 0.049528441558013545 0.06475601282028158
37 0.5772842853133684 0.6920588358175388 0.08691934740221222 0.060252603390822126
37 0.2816735507346439 0.5887348984712046 0.14360572402541774 0.08787248924663302
37 0.3565288693196048 0.19103795306209986 0.14390573295387146 0.10505998924663303
37 0.6163054695644862 0.37955668176476287 0.09648526217486478 0.07162675103345731