30 0.36640625 0.2796875 0.253125 0.0984375
30 0.7703125 0.7296875 0.365625 0.11015625
32 0.3703125 0.553125 0.275 0.16171875
32 0.73359375 0.4171875 0.2984375 0.16484375
34 0.8265625 0.30625 0.0875 0.0546875
34 0.26171875 0.68828125 0.1125 0.075
38 0.28515625 0.7703125 0.20234375 0.06015625
38 0.8015625 0.25390625 0.1765625 0.05078125
37 0.296875 0.38828125 0.059375 0.121875
37 0.8578125 0.59921875 0.08203125 0.13125
37 0.47578125 0.72109375 0.06484375 0.13984375
37 0.6484375 0.29609375 0.04765625 0.0953125