30 0.20234375 0.22265625 0.240625 0.06796875
30 0.4890625 0.2171875 0.20859375 0.07421875
32 0.78515625 0.3328125 0.21796875 0.134375
30 0.84296875 0.23984375 0.06796875 0.046875
30 0.265625 0.5609375 0.0875 0.05078125
30 0.4359375 0.56171875 0.0828125 0.0609375
30 0.80234375 0.58046875 0.246875 0.07421875
38 0.82578125 0.19140625 0.146875 0.040625
37 0.69609375 0.22265625 0.03125 0.07890625
37 0.86796875 0.47734375 0.0421875 0.11328125
32 0.48828125 0.453125 0.24765625 0.13515625
37 0.42578125 0.31484375 0.0546875 0.12109375