29 0.5611900127561913 0.7745498454009969 0.1564409318225902 0.11889654535327168
29 0.3234989519956474 0.6929527580362711 0.1464282030344175 0.11097495735199914
7 0.4871311462360731 0.6417822513924063 0.10570760818516849 0.09020792401336308
29 0.3370995821415493 0.544034000039771 0.10207242515463033 0.083921561346272
7 0.4437006553199289 0.45395498738858836 0.09502519970043757 0.093205654678545
29 0.31021860456132455 0.42508400537077107 0.1173147878817268 0.07941587468172653
29 0.17369104425982246 0.4640817760184537 0.12694487939699578 0.08264996268299925
7 0.45165693440766397 0.36975271005727006 0.10717451333591957 0.0699317866804539
29 0.349472810011638 0.3131476267106798 0.12318215060882318 0.07480110001590834
7 0.8100109236568184 0.552658853437268 0.12146015394280311 0.09195223734881744
29 0.6946891994105735 0.44985093208940496 0.16157497091226497 0.08617495202099903
29 0.5955822775899231 0.3831350520766783 0.1323020590935542 0.07178518801718106
29 0.4959493262224955 0.28129019406426975 0.1260520590935542 0.07171246268299925
7 0.6466349813732466 0.2627503740849506 0.10028678454774678 0.06204656134627218
29 0.5497282883407687 0.20386517540576937 0.12841178454774677 0.06237382535009015
7 0.8820767265414545 0.7088184941119948 0.14866038273097573 0.10007382001909004
7 0.6625617098715552 0.6204083327498143 0.1398275166698994 0.08748291335136286
7 0.5561526000193966 0.5216066587364514 0.10781224212409235 0.07774428668045381
7 0.7318229244057244 0.321499212762541 0.07841178454774696 0.06179202267663584
7 0.18614273108338245 0.6070596166852263 0.13657497091226495 0.08588405068427178