11 0.657608759338786 0.6538465790252783 0.14071827759614025 0.187575348023889
11 0.7436179918856205 0.3830814437666673 0.15494441882984197 0.19727765634451408
11 0.6214372544675222 0.4873123892457644 0.15308190990138842 0.18005378875333342
11 0.6494606631510946 0.26990733690906304 0.13581258928453738 0.17496624525034737
11 0.5475629724038599 0.19719457589114628 0.13249667451188502 0.1639560100679862
11 0.5165882930240062 0.6732297458190282 0.15308190990138842 0.18005378875333342
10 0.35144057995563716 0.6420310311538893 0.15165577759614007 0.18782992116215294
10 0.4720864963531426 0.8496097546527434 0.16440123944669321 0.20218336189159736
10 0.37949876501753366 0.19875380983923643 0.21324784253094825 0.22674825721819464
21 0.5365731051161453 0.3790439879352435 0.15143758928453738 0.17532992116215285
21 0.4683980292242885 0.5236102991056601 0.1371569009729347 0.16250261284152784