30 0.2596337492941283 0.7409284852674729 0.20244173151356132 0.06990447560311139
30 0.5321457861258312 0.7502842627876195 0.20556673151356133 0.06992265632127079
34 0.8815087492941283 0.737310522353785 0.06513915258848364 0.04567611436318479
34 0.15315915223554777 0.4156562953759315 0.08894067363517104 0.052062469749379045
34 0.44998094432892255 0.42643367233034396 0.08912268415851479 0.05518746974937905
30 0.8349628890813682 0.4077821036376784 0.24728379465362343 0.08890900565734086
38 0.1678517128153612 0.35930175624651595 0.15585515785015547 0.047765855189802586
37 0.19355445200966886 0.653001759271578 0.031658794653623534 0.08765453610435348
37 0.6085823996047118 0.412225205704223 0.03918286831702957 0.10956589754067192
37 0.7373870229716516 0.7451826305686498 0.04746580517696728 0.09087043969514959
32 0.2366002547675617 0.5198938226014904 0.22988346302712265 0.13879083098930564
32 0.5310782968609364 0.5306848350945224 0.24716196828879458 0.14045332493918145
32 0.8117129178088017 0.6392457270760494 0.22694047355046648 0.14189765027114642
37 0.8914319679358588 0.5051429169675907 0.07842737884037305 0.11291815651766228
37 0.4661119914722077 0.6631387867917246 0.05417083148532651 0.09871930113146803