29 0.22897839775075654 0.3320467808689802 0.0909741972858944 0.14332063206674714
29 0.2806340968782364 0.4281947625516144 0.08944454827463008 0.12144563206674697
29 0.29239713350079855 0.6050505116471033 0.0909741972858944 0.14332063206674697
29 0.4156878959860458 0.8344403612629906 0.1065991972858944 0.14413950361804453
29 0.39289452421418963 0.6706168786758451 0.0874121547112475 0.13690685775648764
29 0.5325743832486971 0.6656317282917323 0.11241215471124733 0.13821705223856356
29 0.6850877420311029 0.7331423756236275 0.13181771857321783 0.14857469810012064
29 0.8110703598676865 0.4899102747645447 0.13759782500983525 0.16444535956551007
29 0.5210673447845494 0.25135454432510584 0.11830152179152656 0.15565021370395282
29 0.41998045616484536 0.35005871721045584 0.0904278940675857 0.13550813206674714
7 0.30829419317539514 0.26639744742275207 0.07149222376899793 0.10960737336031982
7 0.6527868743697461 0.14870982191472573 0.10267652179152656 0.15483134215265534
7 0.403147507289467 0.17891737958035625 0.07952324505632155 0.11314180913596861
7 0.6893313897049849 0.32738037652813856 0.1023487398605413 0.15014384215265536
7 0.5625725117289425 0.42587318747312947 0.09991215471124751 0.1375619549975255
7 0.3636708359824731 0.4985681382867835 0.09035148441265965 0.1121525192218769
7 0.4743298305345915 0.5301313195398765 0.09624085149293879 0.12958568068726617
7 0.8221760127373485 0.11959445273827737 0.11637838887180578 0.1726739393936934
7 0.6554869953852975 0.5330914659672604 0.10983345792955604 0.14586577792830405
7 0.5705721379402741 0.8457828957500155 0.10594363342392406 0.13476450361804454