10 0.30448245064599544 0.264220965162389 0.2053860117201923 0.14888326546195146
10 0.11949019354928163 0.5669799480334476 0.17287390036914027 0.15089230455162622
10 0.36364430443890833 0.4112711794066942 0.19761308451458143 0.17311799091614422
10 0.3270325832779638 0.5676010566776581 0.21696386181247734 0.1840235400077587
10 0.23271898364710403 0.6966830366737787 0.1942878254152828 0.16973789940087514
10 0.4105516918512386 0.8036818200135777 0.21243704811738695 0.1618934484924896
10 0.6634578439184219 0.748164370023276 0.210613732262828 0.18195085697722052
10 0.8644732240863799 0.5741681159403902 0.20925149136212653 0.1849483112195859
10 0.8990177490725367 0.7303064166989944 0.2019645018549266 0.17857076546195144
10 0.526633262643043 0.517058278048965 0.19222467766703613 0.16179785364324067
21 0.684013768503139 0.5959640122971495 0.19801360271317883 0.17936799091614422
21 0.4852141255352544 0.6590067909258426 0.16375971622369895 0.1299420757634536