32 0.4890625 0.64765625 0.12578125 0.1875
32 0.41484375 0.90390625 0.1328125 0.1921875
32 0.453125 0.334375 0.14375 0.14296875
32 0.61171875 0.21796875 0.13125 0.175
34 0.23359375 0.4359375 0.05390625 0.06875
34 0.40390625 0.43984375 0.05703125 0.06953125
34 0.6609375 0.11796875 0.05234375 0.0625
34 0.5703125 0.70390625 0.05234375 0.06796875
34 0.33046875 0.846875 0.05 0.06171875
30 0.2625 0.07421875 0.16953125 0.10625
30 0.44609375 0.08515625 0.17109375 0.0921875
30 0.29921875 0.6671875 0.0703125 0.215625