30 0.30865605288919984 0.27339549150113757 0.2657761917107738 0.13852266141722502
30 0.76836390570185 0.7942248579020288 0.30834569368794007 0.15109443901162667
32 0.34779278463759217 0.584002027393909 0.3405798735357157 0.21584402324472407
32 0.7389550010257643 0.45475961620039856 0.31806820357377197 0.19856143486244182
38 0.7932101250185906 0.2571518330069195 0.19616934585538673 0.07405649710021489
38 0.2773369990857789 0.8045261697155948 0.2402376808363588 0.08518417386477957
34 0.24362123227986493 0.7225298858974158 0.10767984882113639 0.08137024440092269
34 0.8195444733454353 0.3300215705593649 0.11511034684397004 0.07258724025173766
37 0.6247758014063252 0.2903400734591499 0.048588691710773804 0.12206517676456467
37 0.2506764096190016 0.37959702469461665 0.0670840237259962 0.11723596680652086
37 0.46114165471326685 0.7662719209649946 0.06166169467652338 0.13707487012586875
37 0.8511061270329379 0.6649769110162398 0.07690469269935676 0.12888386182749906