30 0.2203125 0.253125 0.19765625 0.06640625
30 0.49296875 0.246875 0.20078125 0.06484375
34 0.8421875 0.2640625 0.06328125 0.04296875
34 0.12734375 0.57734375 0.084375 0.04921875
34 0.4234375 0.56953125 0.084375 0.053125
30 0.809375 0.59296875 0.24140625 0.0828125
38 0.14453125 0.63359375 0.153125 0.04453125
37 0.15859375 0.33984375 0.02421875 0.08671875
37 0.5828125 0.5859375 0.03125 0.109375
37 0.6984375 0.25390625 0.03984375 0.09140625
32 0.20703125 0.4734375 0.2203125 0.13359375
32 0.50078125 0.46640625 0.23828125 0.13359375
32 0.7765625 0.3609375 0.21640625 0.1375
37 0.86171875 0.49609375 0.0703125 0.1109375
37 0.43046875 0.3328125 0.04609375 0.09765625