11 0.4358563407754284 0.46343833121402156 0.15633139081820957 0.14642652179152654
11 0.4624294952424891 0.3484906744090871 0.19993584160399785 0.14636081981405508
11 0.24494239639978085 0.4773430220436281 0.18038532092583343 0.12786219209011432
11 0.34562310070022584 0.6159845409851631 0.16385279238978612 0.14072282500983527
11 0.6346705223307942 0.4018063345682162 0.14459337014004525 0.1284741972858944
11 0.7868195272931929 0.4918735957160811 0.13616444003242129 0.14813113342392406
11 0.7268752547530017 0.6761286273949647 0.16668669396136265 0.1346913462971587
10 0.9145420550029254 0.6381690775308507 0.17091588999414925 0.1496279314464525
10 0.1827121858940829 0.7128327717915266 0.185800566996892 0.14381497402109958
10 0.4889279526433059 0.7669510973055649 0.19604886228216234 0.16322053788306973
21 0.5418260126108846 0.6320405017647108 0.12584337014004526 0.12716306956195353
21 0.6174552512383451 0.5337611749132902 0.13194782092583351 0.12447511213660042