10 0.2968598885662319 0.7433982007081343 0.18617495202099904 0.15683289735836253
10 0.18542404392109452 0.5834863040260897 0.16889654535327187 0.14882040268936264
10 0.26402230593573023 0.47657378003658923 0.17514654535327176 0.14889312802354446
10 0.3433114586250928 0.31028625604708876 0.2239658533577261 0.18226924936345323
10 0.5215097313017287 0.23891233740449672 0.2570147106938169 0.20296355736790747
10 0.8476524186028211 0.4802395081158129 0.24596812269254437 0.1934612880330894
10 0.6297831185948669 0.536306052752996 0.19395108935390812 0.15379880402608972
10 0.618228000596776 0.5221071927514052 0.1875920013526354 0.14435107869190808
10 0.3969609805856401 0.6015748747214975 0.19565904002227166 0.16631698535963507
10 0.5195434105665501 0.7436452907383603 0.19242495202099902 0.15690562269254418
10 0.6659467905792767 0.6515861547580867 0.18621131468808994 0.15995789735836255
19 0.4716899026098208 0.42429530673136073 0.15468859468490823 0.1361567706874535
19 0.6724353372851841 0.3625600174251776 0.1733295066836355 0.12699994668999892