30 0.7192483446451373 0.12394381416858043 0.11226583203372584 0.24788762833716085
30 0.7714444546069572 0.39914583390051334 0.11348288669636233 0.22456398801421243
32 0.705317278564641 0.7141400701057034 0.17309424403245294 0.2479881999091429
30 0.8063979732256868 0.7502236550222696 0.05870338534372692 0.0795923247398008
30 0.39596429129536537 0.2587653318643484 0.06517156134627218 0.09866987336031982
30 0.42291604793923004 0.42521916949444793 0.07607269867918127 0.09611808344622812
30 0.4639922972231414 0.7869069419956852 0.12016923870145284 0.26239153663473136
38 0.8512292152291867 0.7221086211010717 0.06738858935390794 0.1550017605154496
37 0.7995223592457313 0.6030177843754831 0.0833215773392725 0.048090019221876903
37 0.5759468572167781 0.827886066826343 0.1194590720082724 0.06716092378986112
32 0.5381592399347758 0.4519720200148464 0.17810900803627092 0.27635886137453214
37 0.6649404632797752 0.3594426040269013 0.13056020401018137 0.08179663387576941