38 0.3958312153484993 0.10712796327977521 0.1433329240133631 0.10009200135263549
38 0.623320963359317 0.1841791699156857 0.14013519867918128 0.09380563868554459
34 0.36554482602640787 0.1903040899506841 0.06339088534372675 0.07728975334181776
34 0.5993209367043164 0.2704075712524128 0.06186474801081765 0.0803965720082724
32 0.40508113538349766 0.3648677379455934 0.21886127737108918 0.28063402402927135
32 0.6598782707272245 0.43847577124445863 0.2296351453691802 0.2666987933640895
37 0.5023090293602716 0.19261947326545767 0.0471669960216353 0.15990225867281788
30 0.3376969247692226 0.7516415792886839 0.20821358402290802 0.17114993602799872
30 0.6245071287794038 0.8233143952498676 0.20786813868554468 0.1414624360279987
37 0.5876418334261321 0.67684847525464 0.04396927068745367 0.15361589600572714
37 0.30610038474695084 0.5879245246260473 0.06598972135581711 0.1663704346753633
37 0.7426345846992257 0.23123488856623192 0.05192722135581711 0.16620680267345422