30 0.7294003724377425 0.8030078376703094 0.2089788757593057 0.1986881443196875
30 0.47979910951996463 0.8356353953280935 0.21831750816812523 0.19778120818165768
34 0.6668387418318747 0.22973994645271523 0.08027068787965277 0.09765053218308672
34 0.4118050965052776 0.26042259185768324 0.0867752610179167 0.10902507475773371
38 0.3755604316113888 0.17024570608797074 0.14146276101791672 0.1128491972858944
32 0.392742705928333 0.44063461574289675 0.2566189015948613 0.3018567029858776
32 0.6439064688461109 0.40811631872877435 0.2566189015948613 0.3018567029858776
37 0.7465547708984717 0.6375303031414341 0.07096972948277802 0.16719820767745458
37 0.2658204492788193 0.24551922167531104 0.06613675911805572 0.1606204257464694
37 0.497026243163055 0.6670328607992182 0.07413109707395833 0.16897922896477802
37 0.5293387418318748 0.2201250098104825 0.0755844943004167 0.16440098960843982