11 0.3732484767298955 0.3995945364787671 0.18459581838861122 0.15430661035393456
11 0.21977471856177036 0.5737160339891055 0.18136171561506959 0.14943709983059072
11 0.34119316404086747 0.7012634522920175 0.17827308320625015 0.15081758930724706
11 0.5913620438842357 0.439679023112826 0.18724803970326392 0.1341761208772782
11 0.7151800971708677 0.49774069404657395 0.15621624525034736 0.1417310156438411
11 0.7233679247744439 0.8181819966632924 0.19291746466513898 0.17663663666229362
10 0.49773214513916597 0.7987817363517101 0.18397887575930572 0.19484060509226264
10 0.8328741306058676 0.6172480991953062 0.17947190729444457 0.13528359456891897
11 0.4046958856398607 0.5273779022355478 0.18107077488562506 0.13693709983059071
21 0.5697753717721523 0.5604619599727638 0.13564917211208344 0.12961044724210707
21 0.5156489565939231 0.6676150363375928 0.155743466565 0.12141851564384112