30 0.30070994702182013 0.81796875 0.09962833703942983 0.2046875
30 0.24835814842443477 0.55078125 0.10120901775758914 0.2078125
34 0.2074074581401099 0.20390625 0.05508747579950324 0.06875
34 0.6356571187629889 0.85390625 0.0645988311856975 0.0921875
34 0.5787541755517978 0.56328125 0.0677238311856975 0.0921875
30 0.5364591538853837 0.17890625 0.12490104781181835 0.2515625
38 0.6881599500468821 0.8265625 0.07123062626704132 0.1578125
37 0.3965355314289714 0.8640625 0.09085225897699037 0.0390625
37 0.5679626421779188 0.40390625 0.11279089149054773 0.05
37 0.22141489510478504 0.34765625 0.09720225292686627 0.05625
32 0.520386642767094 0.79296875 0.17171241529826115 0.240625
32 0.4634700640172834 0.5046875 0.17493740924813697 0.2578125
32 0.3133802021881816 0.2515625 0.17481014422102223 0.2359375
37 0.4327528917851353 0.14453125 0.1223931504675381 0.0890625
37 0.34417918765204625 0.59765625 0.10348861436318471 0.0625