38 0.79609375 0.2390625 0.15625 0.08125
38 0.1859375 0.809375 0.215625 0.09609375
31 0.82734375 0.30859375 0.1296875 0.0734375
31 0.1109375 0.72890625 0.13828125 0.08359375
37 0.828125 0.784375 0.05546875 0.1359375
37 0.3671875 0.784375 0.05 0.13359375
37 0.13828125 0.25390625 0.0515625 0.11328125
37 0.5875 0.2546875 0.0734375 0.121875
36 0.56171875 0.7765625 0.04921875 0.1296875
40 0.2765625 0.25234375 0.23203125 0.121875
36 0.37265625 0.24375 0.06796875 0.12265625
35 0.26484375 0.39296875 0.384375 0.0265625