10 0.6968127667315519 0.7151599717924825 0.1718298735357159 0.19157948770335978
10 0.5262681619789165 0.815754348550503 0.16181820357377177 0.17589994554888194
10 0.4273624297734136 0.7307839300307881 0.1636353715585493 0.1821590359079618
10 0.2700221150583967 0.6415663730455876 0.2016102154367699 0.23236811416679296
10 0.2165336536131405 0.4583993490414825 0.22475855536065775 0.26374537919390767
10 0.48861021935392157 0.14818959864869902 0.214937886387297 0.2527533370394299
10 0.5233513393924152 0.3695378787029283 0.17064937551288217 0.20094539734428024
10 0.5088431704190544 0.3803935654712117 0.1609560405319101 0.1930783551898026
10 0.5653001229670621 0.6057753605525557 0.18321304250907655 0.20258062021691714
10 0.7183853136892526 0.49257644466511935 0.17364704152049343 0.19783857806243949
10 0.6425297623201086 0.34053670081343945 0.1750185405319101 0.193160168421519
19 0.3960818907615592 0.520395875874258 0.15024403361182798 0.16021131303532493
19 0.3544222672630245 0.3154174843837102 0.14156937056996616 0.1773442708808471