38 0.83359375 0.7407019116980246 0.146875 0.1666768012176462
38 0.1421875 0.3655129139447427 0.1375 0.17059902667183913
31 0.76015625 0.6768947610892015 0.1453125 0.13529925546001173
31 0.2359375 0.43644690940281483 0.1234375 0.13195111485312835
37 0.1953125 0.2557869697043169 0.1515625 0.08737193849054989
40 0.83984375 0.49199334472856276 0.225 0.21055408909937298
37 0.82734375 0.5839417286674864 0.1640625 0.08370480455162621
37 0.77734375 0.8329852644231813 0.15625 0.0846295757634536
37 0.171875 0.505436283339799 0.146875 0.07761430121764637
35 0.653125 0.4423766266912358 0.0875 0.28683006242753406
35 0.3328125 0.6443547463761561 0.065625 0.2350444218206505
40 0.17421875 0.6040651019762506 0.2015625 0.19457840273485516