32 0.42769585468201077 0.429833509558381 0.14983998758216438 0.17981817599857094
32 0.5624049209025666 0.2137546775111802 0.14591776212797142 0.1888653940675858
32 0.7549918072573863 0.4629344947273453 0.1571423045516262 0.17411447921687967
34 0.6987590720911179 0.8534284547505884 0.06862219636645754 0.07937042574646966
34 0.7788761042229688 0.5746039682442418 0.05822683030538141 0.06621486188449896
34 0.30419548436887067 0.6914815677203683 0.06498701333591957 0.07290190445914604
34 0.33982932180125386 0.4763318151224782 0.0657522878817268 0.08227690445914604
34 0.6435750436316027 0.17228807937243612 0.06211710485118864 0.07580838317182245
30 0.7935433505991248 0.2409173830949479 0.17468074879205203 0.12251912822814397
30 0.3869903327212774 0.18734572477740416 0.10015872303829684 0.21829081411407195
30 0.5602540367944651 0.6732442919935693 0.10003117728066221 0.21672831411407198