11 0.5296626825873567 0.6117501230530311 0.12014932448483524 0.1453699874635877
11 0.4209379554078735 0.5657125458560002 0.13350142946385707 0.13640416442319178
11 0.6032517027085811 0.4821512027573446 0.1632607070582587 0.17936455423577743
11 0.47229677801860886 0.43078962806759613 0.11749792116548718 0.15152905925034227
11 0.5119101879859415 0.7889658409205775 0.13563261452679143 0.1645291644231918
11 0.6272858116362953 0.7478898630239013 0.1495534045687478 0.18364287727617334
11 0.7576754031188553 0.29799882627259416 0.1394680095477696 0.17399509263643714
11 0.8924657228298056 0.35882632917558804 0.16468149710021507 0.19811455423577745
11 0.8470734803029828 0.5313401751772375 0.16723781203728053 0.17012594655564542
21 0.7018094471095038 0.58947562094146 0.10130423610255282 0.12299488229073816
21 0.7272802759440165 0.4421065274470931 0.1204094336130419 0.1282279515702104