11 0.5005029522863774 0.28421459978774327 0.14636698165323558 0.19056204811738686
11 0.41401146126336785 0.2507092897932806 0.1322590298578376 0.18184838217054294
11 0.6356273860295987 0.281022143743077 0.1588669816532356 0.19136308451458142
11 0.6882443676828344 0.0979026684939084 0.15109993344863373 0.1958053369878168
11 0.7224865157144856 0.38557113896271494 0.19495901775758923 0.22022856415651582
11 0.8022320612868089 0.6389581523809503 0.1714851563212708 0.21247662091177605
11 0.6331820794371816 0.701334643743077 0.1477658551898026 0.1625371776670363
11 0.5161622301993074 0.8142630451919514 0.1510817527304745 0.195549936766335
11 0.3697877208295335 0.6034127876338122 0.14638516237139482 0.19368704811738696
11 0.4410456181738137 0.4364069578995927 0.12912493949875792 0.18008562307124443
21 0.5184206635497453 0.5603067304171268 0.13073289129415605 0.18799825262089379
21 0.6208689526791609 0.5357794949150962 0.13847266842151917 0.17599890036914018