11 0.45785266326810287 0.43000164427245285 0.13816561867597627 0.16049642619541976
11 0.5701867199067987 0.44909952574366185 0.15019202199532417 0.15497446828879458
11 0.4019550929324526 0.577407994314805 0.18475719875988883 0.20054457352223168
11 0.5370637987413114 0.596262952080256 0.1370767153566284 0.16665542093374802
11 0.45187811825176905 0.24995782850155474 0.15532980788809567 0.18171897881213822
11 0.34463245808394394 0.3190424864928846 0.1724939971002149 0.2029415314288568
11 0.27529381408865106 0.7991626259977757 0.16072770290907384 0.1913669945971538
11 0.13530835413060732 0.7721766498164734 0.18930298880184523 0.21947658404557532
11 0.15697355703968113 0.5898191761248326 0.1872902029090738 0.19291408404557514
21 0.2920724526853592 0.4948923549510883 0.11607713112353099 0.13587585779368574
21 0.2867193340093829 0.6483813759977757 0.13541912697434616 0.14478042093374804