38 0.4571342015702104 0.08303710308242267 0.16566576708875883 0.16607420616484533
32 0.26160903371529926 0.6236349699106002 0.20233069279472177 0.20126684110137863
32 0.4240455345732291 0.4486628310387946 0.22346154671392995 0.2308122294689813
32 0.6476719365265156 0.19739063609868865 0.2830016827655918 0.29422987328446537
34 0.16500916686396727 0.5591514888521352 0.06991534639736088 0.09844820767745457
34 0.30871839977520843 0.3862717277042703 0.07299488229073817 0.09710422896477802
34 0.4898534248480331 0.15441045046486215 0.09908602084968265 0.13635239926336587
37 0.22310516020004972 0.4572340737493275 0.06953491316955063 0.13896394703379294
37 0.7196080871596539 0.43660631938672656 0.10683633636823106 0.18835194183801285
30 0.41455114344049526 0.9025908603718896 0.2147564849563052 0.14600018689433442
30 0.5907857198461034 0.6906432453852976 0.24071123119538154 0.18056085719292198
30 0.8588811873179385 0.487928882744494 0.2576546902874391 0.2269659636295394
37 0.37157844945863927 0.2597531503486466 0.08006323620994645 0.12566627153942508
37 0.4971433684341776 0.6470896233613399 0.087086126022532 0.15266581411407198
38 0.280573016230829 0.306824528324689 0.11645537727617325 0.1438042663436449
38 0.1398523909997198 0.4747982681852303 0.10354620031656916 0.12886768119435105