38 0.6517761889434674 0.7388545990521052 0.21337418249628842 0.14554374813797305
38 0.2949219171195988 0.2613718777930402 0.19504026232447194 0.12286822745980874
31 0.3520073988022331 0.3171638054194647 0.14389384215265535 0.0986644400324213
31 0.5686195301916117 0.6749248397464802 0.15721271370395282 0.1148716368892682
37 0.5026049423343695 0.22442187965506705 0.07818031094499087 0.12366013192686945
37 0.43208448665947524 0.7670117940469252 0.08837418249628844 0.13972177956950455
35 0.6494655749669433 0.33682121815869304 0.39389384215265544 0.11030837716935853
35 0.2764596856641071 0.6285229904894873 0.3767882293077852 0.11107035649119404
37 0.129719641000317 0.3205029369320494 0.07201219810012063 0.12493153349844607
37 0.8219116265281385 0.6748177160917784 0.0956887155129749 0.16032537799792798
40 0.2967301628241857 0.806827772954476 0.19848616689245624 0.15887850206691462