38 0.86171875 0.41002700545031284 0.125 0.13582950668363553
38 0.11953125 0.5701408720162264 0.115625 0.14353291868236298
31 0.778125 0.4504605541056315 0.1296875 0.10463405068427196
31 0.22421875 0.5291715213637713 0.1078125 0.10594201201463563
37 0.1484375 0.6931334766868172 0.1453125 0.05169086401972649
40 0.81640625 0.6548122467774948 0.2015625 0.16328289202736243
37 0.8234375 0.5611440627784494 0.159375 0.0456044960216353
37 0.82734375 0.30337701611231305 0.15 0.04862040802036276
37 0.17734375 0.44268858135740796 0.1421875 0.042279501352635404
35 0.6265625 0.6479157147517233 0.0390625 0.27857953333863605
35 0.3609375 0.3549811380489977 0.0265625 0.22999658267027262
40 0.2 0.34685846069381693 0.1796875 0.15209085335772618