38 0.8567455714008879 0.7992634610706147 0.08862001387966068 0.09303459765100222
38 0.8682373766149887 0.6257039406166436 0.08084708667404997 0.11776181301126591
38 0.8807025940753054 0.3578177586424746 0.1047246776670363 0.14964831050398358
34 0.7788406168973812 0.8125925236861693 0.06912953423772628 0.05659699247815268
34 0.7774319039128846 0.6324192903792168 0.07441781153562203 0.06610838479802066
34 0.7775671020948699 0.378990413498755 0.09583173658176473 0.08388691818411545
32 0.6406001372554467 0.7726996464099962 0.18956075262089378 0.13496133636823088
32 0.6266017867017364 0.5664269143566848 0.2128771391103733 0.18242736975432586
32 0.6051030143410859 0.2796172361434394 0.24340524830195703 0.22074572367353412
30 0.33935781230158935 0.7810898417785073 0.12121127081949101 0.13921091567683294
30 0.2772328423772624 0.5539219365265156 0.157488732262828 0.169898626022532
30 0.19316421884459273 0.2520351761016743 0.17153024830195696 0.21865437476889077
37 0.8007273064414931 0.7282318955520664 0.13275194324473993 0.027256484956305192
37 0.46830363509597844 0.8097951664682558 0.1319904796419344 0.03971102084968266
37 0.4270616640919174 0.6042893125490476 0.13794009099298635 0.035205377276173164
37 0.8235979002122568 0.5253713200043879 0.14977875693983017 0.049586126022532186
37 0.8483733505537104 0.23055056498982304 0.17644138648947952 0.05192151583511766
37 0.36642004857881216 0.32725779961692386 0.1650032387412331 0.04379076708875882