32 0.35703125 0.7515625 0.14609375 0.22265625
32 0.6265625 0.41171875 0.1578125 0.225
32 0.84375 0.52421875 0.1640625 0.2015625
32 0.26328125 0.2453125 0.15390625 0.2109375
34 0.1609375 0.1734375 0.0625 0.090625
34 0.4515625 0.55703125 0.0609375 0.08671875
34 0.45234375 0.81328125 0.06875 0.0828125
34 0.6734375 0.2921875 0.05234375 0.07421875
34 0.7984375 0.6578125 0.06015625 0.0734375
30 0.14296875 0.78125 0.103125 0.25390625
30 0.47265625 0.23515625 0.08203125 0.253125
30 0.64453125 0.70546875 0.18828125 0.1140625