29 0.5872617865046009 0.2769189647794093 0.10073306576151389 0.10522383118569749
29 0.43399507042412794 0.8056848350945224 0.11307356909549374 0.12247496369925485
29 0.38444109376198715 0.6857177687395477 0.10931084030732112 0.11464428298109546
29 0.3745553949796335 0.5389700337666625 0.10813097758022465 0.11932269262201593
29 0.33091657846921363 0.4135024011549092 0.11919602333785928 0.1209488251355733
29 0.21774702771060922 0.44149156664956213 0.12200203000581897 0.1553238251355733
29 0.34593515589965707 0.24864956079582962 0.12726361485312837 0.12411927693097136
29 0.36921277241977535 0.1165455879231927 0.1123082945496865 0.11309996369925476
29 0.4447073668099823 0.21527800371243316 0.11294602333785927 0.12091246369925476
29 0.5118792781696511 0.3203058712970717 0.11240388939893542 0.13340337334017516
7 0.41317084013814326 0.3528961783804682 0.10121129788366652 0.1302147408266178
7 0.46787470240619766 0.476737678478664 0.08561824879205204 0.1113829275949012
7 0.46376167406736857 0.622785976683266 0.08565019970043757 0.09264201795398072
7 0.2763094714919931 0.6137251149523599 0.10593074879205204 0.11150110226293623
7 0.5544182381618925 0.5262104376520462 0.06626247091226496 0.08472043364502539
7 0.6375814245264106 0.502300238979906 0.07133260818516866 0.08943520472226432
7 0.6059491740673686 0.6219587540070208 0.07391547424624481 0.10194429508134384
7 0.5831168072573863 0.40422635334309087 0.06626247091226496 0.08472043364502539
7 0.526866033629663 0.17497519057891248 0.07525483363936125 0.08008747579950319
7 0.5448024459074158 0.043067702188181546 0.09789510818516849 0.08613540437636309