38 0.10859375 0.515625 0.1421875 0.14140625
32 0.5984375 0.22421875 0.1625 0.1734375
32 0.46328125 0.41484375 0.1875 0.19140625
32 0.2671875 0.67890625 0.24140625 0.23984375
34 0.5140625 0.1421875 0.0859375 0.0546875
34 0.3765625 0.3140625 0.08359375 0.0578125
34 0.18984375 0.53359375 0.11875 0.07734375
37 0.4265625 0.2171875 0.128125 0.046875
37 0.51796875 0.70546875 0.17109375 0.07578125
30 0.90703125 0.321875 0.10078125 0.19609375
30 0.73828125 0.5328125 0.13203125 0.21875
30 0.6 0.83125 0.1765625 0.2265625
37 0.26640625 0.3984375 0.1125 0.06015625
37 0.675 0.44921875 0.1390625 0.0625
38 0.2921875 0.30078125 0.12109375 0.0953125
38 0.425 0.1328125 0.109375 0.084375