30 0.7019138987190223 0.7617506512136117 0.167243083916172 0.28197996466513897
30 0.31043700936977386 0.22756783444052112 0.1862476139704013 0.32616637575930574
32 0.40475307328886145 0.6696663750937155 0.25210896330647137 0.36831881458888915
32 0.6388751058771736 0.3156919623840283 0.2332226079202771 0.34444490349472245
38 0.849944416083828 0.2979453371934035 0.09648515632127044 0.20378092306201392
38 0.1670485402095701 0.699294751234271 0.11236468637549998 0.24789459897381966
34 0.2386599197962612 0.7462801604285766 0.09286927693097136 0.11933318787965294
34 0.7845330395221991 0.25969914836382013 0.08509313836728971 0.12540134992375007
37 0.7709012898167866 0.45393945763437565 0.12538179508134384 0.06853440729444457
37 0.5805837993829522 0.7995571628971185 0.12235678903121965 0.08564917211208342
37 0.25477177488786784 0.5286569025447919 0.14109769867214011 0.08452308320625015
37 0.4607869881943392 0.17090287319385455 0.13492042154477701 0.09687761284152789