38 0.19257349281336392 0.7568962104245924 0.04872446828879458 0.14119156603337366
32 0.3209645323464899 0.8263156750330566 0.14433934712916763 0.25835913387576925
34 0.23566334015429308 0.7301599700355309 0.047829826223654594 0.09908595318850325
32 0.3222055978350394 0.5090086663266293 0.11935475768074628 0.23056832654882306
34 0.24634802410104634 0.4525296149925769 0.0558397472985769 0.07613977611928177
32 0.3489325107351052 0.23848812641253758 0.12202473137238705 0.22291960085908258
34 0.2732191501694092 0.19298751865604996 0.04397678413027979 0.08642217887824381
30 0.5660341086407318 0.8164338212332979 0.10791599971765127 0.3016244549975255
37 0.22175130055057993 0.5922947998637145 0.0856336631118273 0.0527775192218769
30 0.5557307293768357 0.4820654652858326 0.09267043131591723 0.2805749706013579
37 0.4854832027155405 0.11399381671074209 0.09424979991529536 0.09373006784239583
30 0.5860145527578928 0.16392961894930572 0.10912988922254244 0.2689757293077851
37 0.20492303241707713 0.8946794934412793 0.09519067363517104 0.056393842152655436