30 0.4243402556222994 0.8682966894913882 0.17999792116548718 0.1632012119699997
30 0.6251089276129791 0.8447299247884711 0.2120767153566284 0.1768727327051849
30 0.8828306137015989 0.8739163046662022 0.23433877259680216 0.22003626380796248
34 0.20173490166896274 0.38861131508027746 0.07682445435896632 0.09208904665416658
34 0.3802015985547519 0.3165291379362493 0.0985577444009226 0.11261616013203693
34 0.6347455433659486 0.25498321107504507 0.10611013527271602 0.1303504642790739
38 0.18200089689507792 0.30229310626782374 0.11588695435896632 0.09550657257314796
32 0.3071113311328198 0.5297625783225921 0.23421366971559482 0.2641772430727773
32 0.4990844209649946 0.472055259472638 0.2645882539486923 0.296325361734444
32 0.7796231033286366 0.43606569868120226 0.3476627083076586 0.3889612125356475
37 0.7917516373473082 0.1864559694163874 0.10121099295103023 0.2090810570217591
37 0.7898790547878181 0.7147962914238875 0.09631000539858477 0.18537015494824055
37 0.49069954544054106 0.23850046569319355 0.09091211037760658 0.17558505183796277
37 0.5292850969043668 0.7067426177667121 0.08407011452679143 0.16722574769092588
37 0.2835400861071972 0.3313544726204162 0.08215241701630242 0.16240154665416648
37 0.335595219104828 0.7417936866166661 0.07268232863402009 0.13984304147037036
37 0.7625208815477382 0.5688296805379153 0.12036096680652086 0.07261587672018485