38 0.6657471560474174 0.8650695386442233 0.11625103558899426 0.17256945916316013
38 0.25083830532347673 0.14176094718226034 0.14529654844057555 0.23443454210278447
31 0.5908280690892791 0.8796652627835077 0.10260502965749527 0.1440079495445133
31 0.34538148418266923 0.08716770561978085 0.11548703163466154 0.15381945916315992
37 0.12730142137045658 0.7735069657865818 0.14706068380210838 0.0862698606144388
37 0.23323301676873293 0.3242187831171098 0.14524351581733078 0.07996529691210785
37 0.8031064594680899 0.22050606150971416 0.12324118182494175 0.07607640507947586
37 0.6984336165412715 0.6581027760303517 0.13825868676785796 0.10000497840045366
36 0.19571447623682275 0.5153695727728236 0.1404923488211364 0.07823910580511537
40 0.7725674307991778 0.35557054227242046 0.17424921939110263 0.2557291887447398
36 0.7584956605332227 0.45130962820726994 0.13650518577927465 0.09526291469812272
35 0.6381897722059404 0.31254225016963605 0.11559841406762601 0.3863045769491748