38 0.69296875 0.82421875 0.234375 0.1203125
38 0.3796875 0.1640625 0.2140625 0.08984375
31 0.60546875 0.7359375 0.17578125 0.096875
31 0.44375 0.23359375 0.14375 0.06953125
37 0.21328125 0.19765625 0.0625 0.1125
37 0.87890625 0.79140625 0.08671875 0.16171875
35 0.72734375 0.35625 0.4203125 0.034375
35 0.2953125 0.57890625 0.421875 0.025
37 0.4453125 0.753125 0.065625 0.1359375
37 0.5625 0.22578125 0.06640625 0.134375
40 0.31171875 0.76015625 0.2109375 0.12890625
40 0.71328125 0.22109375 0.25234375 0.12890625
39 0.2671875 0.8171875 0.08671875 0.0484375