38 0.3226231290489386 0.14450649046617117 0.15154103444287886 0.12840279691210785
38 0.819759499398522 0.8748190500769688 0.11645563942190088 0.11782739546082902
31 0.3060411255244536 0.24444200308004288 0.10648864357108563 0.10968751324684396
31 0.8330864483589036 0.7833408782072698 0.09315984937994451 0.0983135036281972
37 0.6843897618460767 0.8467163535276805 0.04827432448483506 0.14349702885594057
36 0.5447002998134405 0.864434588466738 0.07287250539858477 0.18019842068857272
36 0.6281520012494 0.20738103501602634 0.05066561867597628 0.15448909255827142
40 0.7112012995897259 0.21339791123956173 0.15220480788809568 0.17829366950744613
37 0.796168295440541 0.22415685116542788 0.054027417016302516 0.15772321996293312
37 0.3711210898553968 0.8770734538056824 0.06086941286711758 0.16575397477225665
37 0.47191365664334023 0.19179569663410617 0.062195114526791426 0.16268353847458736