32 0.6334714487337235 0.5176650746453779 0.20914298244902269 0.1626584735308672
32 0.8879627204413358 0.5631574729071855 0.19843280298213628 0.16996155128112633
32 0.3271101369760987 0.5878854135632887 0.16883623119538155 0.17170383374611511
32 0.19128996041220597 0.4430908362273144 0.19829641066226814 0.16527405128112632
34 0.45562026722177285 0.7957065297743924 0.07838106426490725 0.06606595574818712
34 0.43787414073702247 0.6259012979713574 0.07847199247815269 0.06919095574818712
34 0.08599470665128228 0.4053296629441161 0.07213106426490726 0.06577485731976349
34 0.6790316528112162 0.430603876340789 0.07838106426490725 0.06606595574818694
34 0.8509053381505977 0.6537439315508567 0.07204013605166182 0.06264985731976366
30 0.09308316330256458 0.8069842082293863 0.1365693004748537 0.18892556699689217
30 0.08045644583072961 0.622553550247669 0.12255226458147636 0.1898330955329392
30 0.6773254341522471 0.7043324747692123 0.226438131037097 0.11353176881613755