38 0.18275154002563337 0.6320235266851087 0.16935194482076027 0.2581887155129753
38 0.8735049355485061 0.38900619403185016 0.1352292503386842 0.2314690852552504
31 0.2805062873120999 0.5540446116016748 0.13326395861557022 0.1939690852552504
31 0.7973419052453528 0.44548524536590256 0.09864994120271575 0.15787445499752567
37 0.8575889292169281 0.21984343622993402 0.12448874491161739 0.08599281094499087
37 0.19656613579633336 0.8208813087972843 0.17933337516934214 0.1215894742194024
35 0.6453920601520213 0.7151027838096563 0.12202764472990317 0.4255532779283042
35 0.4688506558111797 0.26136803143480714 0.11265264472990318 0.4250619549975256
37 0.27988441033373546 0.39269767582602605 0.1482537935321364 0.09347111827193721
37 0.7926278290352139 0.5648084554518109 0.1482537935321364 0.09347111827193721
40 0.2869865021477066 0.2591481914298583 0.17133052464894377 0.2364774898232347
40 0.7816980523501054 0.7150098513133678 0.17979147783744692 0.2789925384437536
39 0.234983588873295 0.20860263681644547 0.0658507293077851 0.09694359905006031