38 0.8549159284422286 0.47256050302521857 0.12243141424880086 0.23566398441265973
38 0.09339293337947405 0.6978961866422326 0.1391578392949434 0.253944090849277
31 0.7712535248338858 0.5412615905203009 0.10572597316352947 0.16916489926336578
31 0.20366790176264143 0.6302712800893998 0.12577765730897053 0.19078852698730664
37 0.8449563448504979 0.28509335401395425 0.14473031153562205 0.07389595792955621
37 0.09940669417681569 0.9101994446880044 0.17445738433001132 0.10086264951546724
35 0.4125665445736425 0.3584448286161314 0.10411671498708142 0.5081509896084399
35 0.5861731138242874 0.7974859132612222 0.10363705119970579 0.4050281734775556
40 0.7375854194998134 0.8339736144055145 0.17649715299003396 0.2783320856534971
40 0.2252958844868948 0.2927712800893998 0.18511068938722852 0.2913783888718056
37 0.19689387492617086 0.46656941300912075 0.19144462523071265 0.09893951659574647
37 0.7561921244647455 0.6783245479456539 0.15051923658176475 0.09141123986054148
39 0.17079815160575795 0.26149414691757733 0.05152053207825791 0.10004355866619034