9 0.5640646585247131 0.4055211618289804 0.16665631275401332 0.18255680471268487
9 0.5317102611928182 0.5597794348732398 0.15103131275401313 0.18118979434509228
9 0.6584166033454735 0.6626296157404618 0.15604636137453215 0.18784989745537004
9 0.39209996381549456 0.7894198337892122 0.14009381275401322 0.18023288708777763
9 0.26646812075832804 0.6625559544771292 0.15012390999505118 0.19355309330833315
9 0.37348168136463467 0.5677109291237956 0.14165631275401322 0.18036958812453677
9 0.42520023236000287 0.42681181852064737 0.1419019742194024 0.18505708812453675
9 0.2786594250330566 0.3906611221020365 0.1396024898232347 0.17085788708777744
9 0.16913501809022308 0.49695149538185157 0.14683513568479173 0.19015469123481452
21 0.5977800757558536 0.7817514711598137 0.12422979534115867 0.14462757775694418
21 0.49836989597309866 0.7100631073991195 0.12973616689245623 0.1606626808672221