9 0.4336072194064057 0.5407674632082754 0.16228291868236297 0.11656130698520073
9 0.7801805853755435 0.31545540846257003 0.15310791335136287 0.1336942648307229
9 0.6047720527132252 0.34646399306611303 0.16409995735199914 0.13844539734428024
9 0.49883004069858944 0.2380424390077786 0.1672067760184536 0.13690107806243948
9 0.3283897240213172 0.15893113504764012 0.18455790802036268 0.1510635720123153
9 0.4256663553866794 0.395418601771957 0.15932155068427195 0.13060562626704134
9 0.2733776967297698 0.4664027465821544 0.1720033640197264 0.1463033491396782
9 0.15350954471672498 0.36961812929210347 0.17532835868872626 0.16350902985783752
9 0.2815703627068618 0.29771183391617195 0.17029541335136278 0.1337942587805987
21 0.5631578120623607 0.4626202581914235 0.15608746268299925 0.12121244554888211
21 0.7231049767265881 0.4455832699970843 0.14351473734881742 0.11488972267624523