40 0.3709736487450698 0.3809462088485589 0.11704464247680564 0.13343754631872756
37 0.35976469823197954 0.43583276199171206 0.10534211664125 0.03300089867609248
37 0.7993162010817711 0.37670408849911674 0.09912848423243048 0.03427230024766903
37 0.3762215803564585 0.2375964691876411 0.11181032218833345 0.042666997104515936
37 0.8424992373665626 0.18673621401584542 0.10407055737069441 0.04542812406898662
40 0.35509799486909766 0.5706251389561828 0.10389002583555565 0.10473034946188058
37 0.3546265226045144 0.617427364349077 0.08808188145888893 0.029075377997927986
37 0.7761729078631255 0.5558992828747643 0.08666485182361114 0.035252603390822125
38 0.8098010658231601 0.458354348838199 0.08510365824437507 0.10229455417661057
38 0.7827515226045143 0.6373676066960818 0.07369337955902786 0.08147263192686935
31 0.7166758469770492 0.8161239993763182 0.062101262917777865 0.05283820967712849
31 0.7508442931217365 0.4735576637681763 0.06231946846486114 0.06221320967712849
39 0.31020960106111184 0.8884996896181366 0.030305749050069507 0.027945217535011578
39 0.3174012391695145 0.7280716118678775 0.02725348423243066 0.030924668320799497
36 0.3591847764042365 0.5115048500810533 0.09738414627652778 0.026387025640563166
36 0.38252351890170144 0.10600186683027628 0.11493532218833344 0.04281254631872757