37 0.8751497415229446 0.21999343841860344 0.04797092721213971 0.09087953005422929
37 0.8668747452469983 0.6325570709321607 0.044845927212139716 0.09086134933607007
37 0.5335208595960752 0.28990037567786625 0.053095074854774896 0.1002818011314682
37 0.5103828426419643 0.7195696949597069 0.043501751033457305 0.09553975897699055
38 0.6033879799455173 0.7193293213249442 0.08703342721213972 0.09110678903121965
38 0.4315643298216828 0.7675617673648057 0.0952825748547749 0.10052724082661761
31 0.6056996507475162 0.6529185261454045 0.0768579065339754 0.07386474687674198
31 0.4339851625343405 0.6988072221852659 0.07536818114108108 0.07541815651766245
39 0.4535808025239806 0.2613026770057261 0.030924668320799497 0.026735216822512696
39 0.6423543581483331 0.23504977009528022 0.030997442927905537 0.028297716822512697
40 0.3023757134011821 0.35341693325224205 0.13365587014004515 0.11949540944452863
36 0.4240538143108049 0.30801859572183277 0.0568022717116218 0.11279998184962743