31 0.2554675251345088 0.6628647467012947 0.09064885771838505 0.11812552586424747
33 0.2761858848300602 0.5374101056350679 0.09332818874502422 0.10727895407749273
31 0.27871266003893114 0.4179470517950019 0.09202035672980173 0.11348348997087018
33 0.2930855192401909 0.2950180171552658 0.0774485207602467 0.100574313011266
38 0.20702470794803401 0.5878025622198433 0.10164470752810457 0.19647784639736088
38 0.22228358790954045 0.3665269557933525 0.09335736364988403 0.14629598997087018
37 0.2629470330803553 0.23034776339434213 0.09553267589344294 0.04647784639736088
40 0.680411764297275 0.30715768665952964 0.15483337452429885 0.199586126022532
40 0.6481762899632565 0.5812089520989357 0.13764587452429886 0.19908602084968247
39 0.6977743833471853 0.532166046846944 0.04068334980971962 0.07921613855894431
39 0.7278743547154545 0.2722227455141605 0.03555018083635879 0.06814224623907635
36 0.6726589782139891 0.4782741687128409 0.09422484387822046 0.05268238229073816
37 0.639668770191593 0.6750953444188038 0.10353617688202607 0.051392666930474284
37 0.667775160038931 0.4066264892459543 0.10222834486680377 0.05759720282385157