37 0.40554183457788184 0.30194557671776484 0.03649077792830422 0.10182010523343701
37 0.2521789806665815 0.716666771329036 0.04265889077317438 0.10062162628012424
37 0.05267694764989472 0.748536939561361 0.03657266508343386 0.10338260523343692
37 0.22350726255161452 0.2977494423333712 0.04454893939369331 0.10696263154179624
38 0.3405078182966811 0.7403402187829047 0.08575379353213641 0.09066977360693614
38 0.15411993894346745 0.7597635949218547 0.0884693577564876 0.08303928413027997
31 0.3624514173467414 0.6783106556428425 0.06593926051544959 0.06926521046687384
31 0.17622731230378727 0.6946090317817927 0.0678293091359686 0.07560621572854594
39 0.3382182157401178 0.24900956349299802 0.02762703301668683 0.021859589448421434
39 0.14833020013628556 0.2460497054169636 0.024993355947465278 0.03105257892507769
39 0.5100589162150877 0.2693767294474228 0.023021420171816586 0.02314907366340586
39 0.6668920923797981 0.2937334453877301 0.02811835594746519 0.031234589448421436
40 0.5198566400958058 0.320211187354048 0.10606629353213641 0.09185284200867017
36 0.47289643091440875 0.30970559783503937 0.030158890773174463 0.09989358418674961