40 0.7402305728869469 0.8836342987985872 0.19875383134415223 0.23273140240282544
40 0.8252224099868812 0.636494925636943 0.1990268471291678 0.26769322233759213
31 0.33393871537561 0.4621547047599531 0.1427320735222315 0.18193208812453676
31 0.2819105676958623 0.7832785575874069 0.1194919945971538 0.1565807736099071
33 0.32257482309870855 0.6407096402453235 0.12279900512049746 0.15997917568342573
33 0.3856846839467532 0.30967354519356405 0.14411256299888783 0.17894378916129608
38 0.2257222099021766 0.6726541244111107 0.1537143471291677 0.26372889227157365
38 0.2815656023202524 0.35030952417555505 0.14804119980235592 0.2197054901980553
39 0.8931078600009986 0.6276660212543502 0.05840330517696728 0.09527283524981485
39 0.8185606992376584 0.8690928121590726 0.05307876834526439 0.08392523213953709
35 0.610429680821807 0.8438008192509485 0.12564953128768241 0.31239836149810285
35 0.7558678171875 0.3598715453125 0.7352155234375 0.345052884375 0.6026549265625001 0.6866664953125 0.6278654671874999 0.6988193359375 0.7558678171875 0.3598715453125