40 0.7072014306042602 0.5023262924813026 0.2276455332781829 0.15941967313564315
40 0.3912218745979058 0.5336606603521356 0.24129893019392784 0.13647324645662096
31 0.7695255215103554 0.06291656289972265 0.1453591387980701 0.09720736061443876
31 0.48210734212720646 0.06826878412860013 0.13617505357072232 0.1078174784004536
33 0.3124397244324547 0.08200144583149797 0.14253414772652384 0.11428573320977704
33 0.6193073331987528 0.0806546783234848 0.1346125535707225 0.10776291469812276
38 0.6979193027599436 0.019538651366460817 0.23541139448011278 0.039077302732921634
39 0.6521224184293957 0.5713962402117171 0.0944318384737585 0.04233632213985139
39 0.33734685227677147 0.5784845762313846 0.09138865909060953 0.04691469473518968
35 0.36220830479183375 0.4066269343987526 0.3695409326295599 0.058189533750081956
35 0.6999264931034365 0.3823411746952877 0.3211852532464107 0.061185558977825495