31 0.7297126522046279 0.27227648048025355 0.08258168973360754 0.11529495850815116
31 0.7307007851318837 0.5080839259161501 0.08627969269935694 0.12959425684847722
33 0.7238048449039847 0.39654277467139465 0.09565469269935693 0.13030465186945542
33 0.7306118963103099 0.6405295730117208 0.10209569368794007 0.13546574855010754
38 0.7902946665390839 0.3358644611842216 0.10164470752810448 0.20085395020978147
38 0.8037509659682426 0.5699434632588141 0.09475803756616052 0.18475535352912936
40 0.35550848965705767 0.32022353131937925 0.12307403855474383 0.19157403859206373
39 0.2987292490485979 0.3691947502004927 0.03436968281352524 0.07893048340326052
40 0.3103047134967846 0.5955796514452482 0.14465987847863165 0.22436322780418294
39 0.25625388345872857 0.615348622400954 0.035422846843970034 0.06654888257342347
35 0.4606734921285156 0.3240095369184567 0.05881522037968594 0.25835787427505374
35 0.4394629728883248 0.6304613690769617 0.06668607018940538 0.3368380717855427