38 0.3765625 0.725 0.18359375 0.05859375
38 0.58828125 0.7453125 0.159375 0.0671875
31 0.53203125 0.6765625 0.11328125 0.06875
31 0.31328125 0.65859375 0.11015625 0.0640625
33 0.4296875 0.65546875 0.0921875 0.0703125
33 0.665625 0.67421875 0.10703125 0.06640625
37 0.73984375 0.7171875 0.05 0.11015625
40 0.6140625 0.25078125 0.190625 0.1109375
40 0.36796875 0.26796875 0.16875 0.103125
37 0.275 0.265625 0.04296875 0.1
37 0.5 0.26796875 0.046875 0.10234375
39 0.64921875 0.2046875 0.0640625 0.0234375
39 0.42109375 0.2140625 0.0625 0.02109375
36 0.725 0.24609375 0.0390625 0.10546875
35 0.4665379140625 0.3913907546875 0.4719097234375 0.4097822375 0.806924740625 0.393893796875 0.806924740625 0.377575934375 0.4665379140625 0.3913907546875
35 0.24110714375 0.3855295546875 0.245703128125 0.40548806718749997 0.46675565937499996 0.393893796875 0.46847366875 0.37457003125 0.24110714375 0.3855295546875