40 0.6637206172943052 0.725177664065429 0.14948535145940198 0.25092425546001174
40 0.6873895369349262 0.39714838785263173 0.15047510714144482 0.21823930121764637
39 0.7373587146965175 0.6629967863354229 0.03908186525911965 0.09368609818322896
39 0.7429770637202875 0.34112178633542306 0.04050799756436803 0.0860011439408634
36 0.7073087504103324 0.5967977014881137 0.11197389448011297 0.06843074879205205
36 0.7172833628267831 0.2488225870940274 0.1261454886359143 0.07582866061076281
37 0.1577816777615912 0.2570477412060083 0.14632162094116258 0.06967425546001174
31 0.2500143203125 0.671040246875 0.1738207765625 0.6686534671875 0.1443348796875 0.80073285625 0.222465703125 0.7986018828125 0.2500143203125 0.671040246875
31 0.250043521875 0.45411156874999997 0.16118775624999998 0.45942880781250006 0.15704172031250002 0.5993435859375 0.2417608984375 0.5875511453125 0.250043521875 0.45411156874999997
33 0.281464084375 0.5764057765625 0.1892646828125 0.586455803125 0.18108880624999998 0.638796853125 0.2646608921875 0.6510079984375 0.281464084375 0.5764057765625
33 0.251709659375 0.2767211703125 0.15730788906249998 0.290867328125 0.15952197343750002 0.42341014843749997 0.2506562296875 0.41507118906249996 0.251709659375 0.2767211703125
38 0.11513270738962149 0.4657051351468716 0.13353306899199793 0.23089879788366652
38 0.1372729399397511 0.6721943801459018 0.09675008928453739 0.1795277454580722
35 0.582957021875 0.156478578125 0.5641884203124999 0.1532571875 0.5141110515625 0.553874896875 0.5346810234375 0.5538355828125 0.582957021875 0.156478578125
35 0.5738225578125 0.5534087296875 0.5523644828125 0.550732746875 0.473593453125 0.861616090625 0.501303971875 0.8690408078124999 0.5738225578125 0.5534087296875
37 0.6673616347441756 0.5165839140654289 0.14856595941492118 0.10886430121764637