36 0.8456348044622022 0.8428972151432979 0.06294148801910034 0.14822060087368066
36 0.05515001375258908 0.5631708408056944 0.11030002750517816 0.06671733415618064
36 0.1098586057202973 0.1847906144570485 0.10966766587924912 0.05563436379145843
39 0.05845730762706307 0.24843619357923608 0.037048621414211926 0.07736258700597229
40 0.771661591122691 0.8375934257243743 0.17286212504240908 0.16639133225631966
39 0.7915995796899455 0.8925530294478466 0.060684528855940556 0.03888196846486096
31 0.4660390736994959 0.8267527235957635 0.09181053248413776 0.12547408510611113
31 0.5254290089008566 0.4225730634515273 0.09370041469812271 0.1348854526972918
33 0.4860118117185963 0.6795322314795482 0.09002977767481415 0.11918771751493065
33 0.5431944061757843 0.27150087272208284 0.09800596878180663 0.12405705547083343
40 0.10420382804548312 0.30201448204822906 0.1347817716843644 0.19360714247680563