40 0.5319857734585455 0.7163587181967508 0.20245454667571855 0.2459443004748536
40 0.48445603771254897 0.4064321372387961 0.18134482122152562 0.2546828029821361
31 0.11575551133057387 0.8843619427947218 0.12343698424818447 0.1563529515702104
31 0.057550323323311725 0.6083329887172289 0.11510064664662345 0.14881323620994635
33 0.04529716923557663 0.4423753681049732 0.09059433847115327 0.15662573620994635
33 0.09493231254822018 0.7365321965556454 0.13204670970237725 0.14725073620994636
38 0.049076453698734576 0.8340915066639176 0.09815290739746915 0.24247230799670091
39 0.5862266054309169 0.6466743555020539 0.061032836973341276 0.09842077962517112
39 0.5154666637755648 0.3431197949980704 0.06390274545807202 0.09538670783841656
35 0.35256830892437624 0.4104256522824909 0.13284316152884673 0.367063131037097
35 0.4126937684575756 0.7387301602000497 0.12432928879981073 0.32005173871722903