29 0.23923486039444636 0.6974652439247322 0.0797886858759707 0.09804068511654282
28 0.6570711968396099 0.7351859217000628 0.19137284253094827 0.22842264427970277
28 0.6374810401813371 0.381398722788522 0.17703760714144484 0.212306570958725
28 0.46898618466145 0.3279438844914198 0.18334215421934558 0.21564982576804842
27 0.7876015913164276 0.19033223476942152 0.08302278003177221 0.10439981252120449
18 0.7930043372592378 0.3728446344066018 0.08129663879807011 0.09497024881887359
18 0.22074750771393306 0.41468994945969506 0.07518300649282175 0.10256449400955017
18 0.35392069765038886 0.6130406255057451 0.07997960064862308 0.10897818511654282
19 0.2929480158316079 0.5277231735989794 0.05424321509696393 0.06591766587924912
7 0.7397684687537073 0.5152429547323546 0.07658186525911966 0.09324405771188111
15 0.5002110909126858 0.507212233040141 0.07644549756436803 0.08543155771188111