40 0.3166147915662407 0.28358192262095666 0.18464778763096837 0.11767949069063528
40 0.5483675361183591 0.31835472258914 0.22458437278026225 0.13063402402927143
38 0.23299500032897616 0.6756427006285927 0.1676023992633658 0.09718517735518084
31 0.203990197362769 0.6104085992998197 0.11730746832111638 0.07005905601527189
31 0.4037609683979909 0.6783393446053665 0.11818155347041034 0.08255905601527207
33 0.2982100909261517 0.6249245379535476 0.10568155347041017 0.08241360534690845
33 0.5284660374557415 0.7034291565881855 0.14518109604505725 0.08911813868554468
38 0.44455557718039673 0.7535842452657758 0.16393109604505723 0.08933631468808993
39 0.3666037199106002 0.23850523261459333 0.06602919158591121 0.0288704346753633
39 0.5756455841408877 0.2743229119191855 0.06468521287323484 0.03197725334181776
35 0.30967674069372053 0.38280067262095663 0.23707366510280767 0.06364651869827131
35 0.5779625649472512 0.4421280299172765 0.29452553218308675 0.08148854670590726