40 0.3709736487450698 0.3830603199901025 0.11704464247680564 0.13410276232447185
37 0.35976469823197954 0.4378739727490644 0.10534211664125 0.03361143939369331
37 0.7993162010817711 0.38131959407321936 0.09912848423243048 0.03484639077317438
37 0.3762215803564585 0.23976069934331604 0.11181032218833345 0.04331398801421234
37 0.8424992373665626 0.19162965230467674 0.10407055737069441 0.0460295522385636
40 0.35509799486909766 0.5726207869734157 0.10389002583555565 0.10532266508343398
37 0.3546265226045144 0.619413899818286 0.08808188145888893 0.02958568068726599
37 0.7761729078631255 0.5603553188584487 0.08666485182361114 0.03575379353213641
38 0.8098010658231601 0.463019973426433 0.08510365824437507 0.1027775192218769
38 0.7827515226045143 0.6418509803238379 0.07369337955902786 0.08189180913596861
31 0.7166758469770492 0.8201973083429991 0.062101262917777865 0.05319359905006031
31 0.7508442931217365 0.4778770115315024 0.06231946846486114 0.06256859905006032
39 0.31020960106111184 0.890190067276569 0.030305749050069507 0.02811835594746519
39 0.3174012391695145 0.7298257773624772 0.02725348423243066 0.03107958163720568
36 0.3591847764042365 0.5135323920163698 0.09738414627652778 0.026952003618044527
36 0.38252351890170144 0.10822077227409459 0.11337282218833344 0.04339587516934214