40 0.271875 0.29765625 0.240625 0.140625
40 0.6078125 0.321875 0.26484375 0.1328125
31 0.1625 0.7390625 0.13828125 0.08359375
31 0.48671875 0.8 0.1421875 0.0828125
33 0.29921875 0.740625 0.1359375 0.1046875
33 0.64765625 0.8078125 0.15234375 0.096875
38 0.234375 0.81640625 0.22109375 0.084375
38 0.553125 0.88671875 0.20234375 0.08828125
39 0.3390625 0.2375 0.09765625 0.0375
39 0.6375 0.26640625 0.09140625 0.02265625
35 0.2671875 0.42890625 0.3140625 0.02265625
35 0.6234375 0.47421875 0.3796875 0.02578125
37 0.73359375 0.859375 0.0703125 0.13359375
36 0.4046875 0.27890625 0.0453125 0.11328125
37 0.46796875 0.3359375 0.05546875 0.13671875