31 0.7023392836224311 0.6967058945735497 0.11435474715020835 0.08099655601527189
33 0.576412563257709 0.6919194919239581 0.1019274823325695 0.08397610534690844
31 0.4570995188047922 0.7026853639401847 0.10966724715020852 0.08094201201463562
33 0.33444326880479225 0.704112598623502 0.09687630642076392 0.06829656134627218
38 0.6302292007005215 0.7545916672501857 0.19251611474138902 0.08346812269254436
38 0.41011672245201447 0.7657489852800934 0.13931837955902787 0.07972495735199914
37 0.2720348409931256 0.7423489426320925 0.039645687879652856 0.09262385200509068
40 0.3214814886008336 0.3150955519573656 0.19222648043270843 0.1381374413589988
40 0.5957547899876043 0.31424847792014005 0.1918264369297223 0.12094994135899881
39 0.5439370636389586 0.27030812126036696 0.07732621941479163 0.033703385343726744
39 0.283744446047778 0.27177281329568354 0.06631598423243057 0.030451116008908662
36 0.4915212316669795 0.3013950366009121 0.04742182028847246 0.09115225867281787
37 0.6894502386008335 0.31081384790741334 0.044515025835555735 0.10049089600572696
37 0.42153603998760447 0.3162756966104571 0.05072865824437507 0.09900112133990877