38 0.5524411680241099 0.27790690777232036 0.19907266508343396 0.11058655128112634
38 0.33982498134395006 0.3001135858130296 0.17571705223856354 0.11105743217453848
31 0.40891581806953853 0.35658621773989907 0.131475729307785 0.0996447431755744
31 0.6272054726375227 0.33072800082406034 0.12654256784239593 0.09473891935425689
33 0.5130677295349277 0.3567382291124386 0.1109994549975255 0.09557367328319825
33 0.2774268006566839 0.3849209253501129 0.12341756784239584 0.09459337014004517
37 0.19662385798363022 0.3576627584770554 0.08122342378986111 0.12224318114108108
40 0.4096705760985972 0.790490336846487 0.22052494120271576 0.16302234656639653
40 0.648058046699955 0.7248440279123656 0.1964323439616777 0.14943072745980873
37 0.7397475797166418 0.7087524551245054 0.07283771370395282 0.11094180810555195
37 0.5182543600197951 0.7509077601296852 0.07612648801421251 0.11421235731976367
39 0.38344891282418564 0.8425237177398991 0.06915279172311406 0.040629308105551945
39 0.6063375361845054 0.7886860500382721 0.06750840456798421 0.0389940334984459
36 0.30100158299600216 0.8167552762597357 0.06995837516934209 0.11548375889134022
35 0.19237077656249998 0.6878190375 0.19548864375 0.7038360546875 0.5274405421874999 0.6233117515625 0.518646115625 0.6063161390625 0.19237077656249998 0.6878190375
35 0.5267482453125 0.62089769375 0.5287516953125 0.6402031796875 0.7501531046875 0.584715975 0.741821878125 0.566029596875 0.5267482453125 0.62089769375