40 0.24338079869558124 0.3306040636245 0.20000104176169425 0.26990447560311137
40 0.35168716062287897 0.647931943309387 0.1985658067888089 0.29177038524403187
31 0.6430954941462674 0.10875477205919751 0.11808744554888229 0.1553692769309713
31 0.7843370759211401 0.40479800420341244 0.11811471662612086 0.16005677693097126
33 0.6790506539835797 0.23979114862082646 0.13685562626704134 0.15860336123992677
33 0.8318791755517978 0.5584224530719444 0.13382152985783763 0.17421018052176757
38 0.7357778978352595 0.15743264569396026 0.1404351442210224 0.23674654195808595
38 0.8848728862259904 0.4463991760427771 0.1387726502711466 0.2195499515990063
39 0.20228764520298093 0.4113091629605701 0.061537463699254766 0.1034795240041051
39 0.3061246757481896 0.6911643137226958 0.04585792154477701 0.09401362041330899
35 0.36938476249303187 0.2915910397185908 0.1049248910977643 0.30997496369925476
35 0.5033905611886131 0.622831428478664 0.12404759582002871 0.3741465480082102
37 0.9041309045727548 0.6275310013747422 0.14903746369925486 0.10398858411256366
36 0.25901436817381374 0.46332111485416405 0.12073974687674198 0.07413745764913067
37 0.3306166574014252 0.5097779583365016 0.1474022408266178 0.09147949375348396