33 0.28258938416657264 0.724596037234722 0.10466695909527761 0.09131729065319441
33 0.2978952980682862 0.4431999136596178 0.11730366013203693 0.09317073138263901
33 0.2725174233743515 0.1799732150463887 0.11132706220555537 0.09615026101791671
31 0.2655863948169892 0.8165841686936111 0.10718636635259245 0.10229115824437507
31 0.29315786286573975 0.5411652881846526 0.09277255183796278 0.08012521751493065
31 0.27541683091449026 0.26680106781993035 0.10011616013203692 0.09277068787965286
36 0.8574034564568966 0.7448792488626382 0.18658134043361088 0.06515614057694456
36 0.8623877335536566 0.408141661856666 0.19615183006601847 0.0497857137152085
36 0.8451060313856017 0.10323595630958264 0.1707417269557407 0.04451633225631957
40 0.8379858899624996 0.19186269842579792 0.17685360885972196 0.16784472948277793
39 0.9048125135251386 0.15038240682267284 0.04494064458064813 0.06809668977951393
39 0.9327972698402306 0.46130172302708256 0.04990154665416639 0.07133079255305556
40 0.8353028639970355 0.8322889830950688 0.1882012119699997 0.17278680262104196
39 0.9105571422250911 0.797658103536041 0.0405265466541664 0.0711125870059723