37 0.69140625 0.06015625 0.08828125 0.025
37 0.28671875 0.14296875 0.08671875 0.02109375
37 0.696875 0.40625 0.096875 0.028125
37 0.2796875 0.50625 0.09453125 0.01953125
38 0.259375 0.41484375 0.07890625 0.0671875
38 0.24921875 0.59140625 0.0859375 0.0734375
31 0.32421875 0.40078125 0.0609375 0.0609375
31 0.31640625 0.5765625 0.0640625 0.06015625
39 0.74296875 0.47890625 0.021875 0.02421875
39 0.72734375 0.290625 0.0234375 0.025
40 0.68515625 0.64296875 0.096875 0.10859375
36 0.703125 0.51640625 0.109375 0.028125