27 0.22964673291124119 0.16113644613805733 0.07034124373179385 0.05508747579950315
28 0.18483537193240393 0.43947506957642835 0.20275659012915473 0.14959197560311138
28 0.14960726260291932 0.5763756267580208 0.1966884465556454 0.15580561416679295
29 0.5847993018615089 0.7605308954975685 0.0755288489046432 0.07230224687674199
29 0.5536211611909936 0.6240166785768599 0.08757420783841638 0.05674996974937905
29 0.31351899841715436 0.6074478438751211 0.06565374373179385 0.05506020472226432
15 0.3519272467012947 0.2807171722321481 0.09262542069139794 0.06927724082661779
15 0.559270733769171 0.3224723592950191 0.07208560015828454 0.06134656615858276
15 0.49151126926683697 0.4767467688377437 0.0833413489046432 0.07234769867214012
7 0.7125284629194885 0.45124627820751756 0.06225595909205772 0.04566702400410509
18 0.5286608944314392 0.16642689237431055 0.07856292069139811 0.0691954275949013
18 0.4313620647936327 0.7184620910464506 0.09919366943775679 0.08025110226293641
19 0.2835717709826965 0.8044637444408551 0.06078438730530315 0.048782933645025395
19 0.42118777975818517 0.8802126573032293 0.06252874373179385 0.05504202400410492