40 0.6083376482874762 0.7064975232185382 0.2184846976422728 0.148111288834828
40 0.33829972091115845 0.6541572766363837 0.17760502965749528 0.1416249394987581
39 0.543523073192336 0.7451736829576545 0.07834517589344295 0.04419542759490121
39 0.27557422783124064 0.6865970719141193 0.07203150889724856 0.04259656615858276
36 0.4913583953217266 0.6917577914671067 0.07945668973360753 0.10981133723582168
36 0.21368438148156219 0.6245328882690939 0.07521485870696817 0.12072156615858276
38 0.6813759698853943 0.2562480592246958 0.21077035672980174 0.11213742739850954
38 0.4504814555509382 0.18695211679907162 0.17276102076024671 0.0994192587805987
31 0.49438530585494933 0.2676572161351417 0.1303825197716634 0.09448631908544902
31 0.7456241536875027 0.3378525832288009 0.12556768577927463 0.09133404800821018
33 0.6187287312541008 0.3097770593228917 0.1225700197716634 0.09444086729005097
33 0.36342446593106154 0.23565271633153345 0.11957235376405224 0.09754768657189175
37 0.3065086210642578 0.1806470537637468 0.07833985870696818 0.12073974687674208
37 0.7070762372227808 0.7336281706610143 0.07483285672980174 0.11134656615858277
37 0.4288119743711995 0.6710862222834617 0.07665002471457924 0.11760565651766228
35 0.33188394174795477 0.5158714814568439 0.32445085475263535 0.10342602361132158
35 0.630938207070994 0.5902503545024315 0.2836985207602467 0.10006467427525152