40 0.6310729852541384 0.63125 0.1750969336130419 0.125
40 0.40222501222384005 0.68203125 0.19313653859206373 0.115625
38 0.5645314836037532 0.2515625 0.1504987526992924 0.0890625
31 0.5263793655524767 0.31171875 0.1044758576783142 0.0796875
31 0.3094752854685642 0.34921875 0.13006785352912936 0.0875
33 0.42317093256413474 0.34375 0.12777164772027055 0.0984375
33 0.6227574580839439 0.29765625 0.11792305103961845 0.0921875
38 0.37694805061541115 0.28359375 0.20805114357108562 0.10625
39 0.4306217767459871 0.709375 0.07447978174358649 0.034375
39 0.6589369535105518 0.665625 0.04576278589277152 0.0265625
35 0.39075656118886604 0.5859375 0.23645956348717306 0.06875
35 0.6199597317296534 0.53046875 0.2732258576783142 0.0796875