40 0.246875 0.28515625 0.22578125 0.115625
40 0.57265625 0.31328125 0.190625 0.12109375
39 0.3125 0.22109375 0.0875 0.02421875
39 0.63125 0.265625 0.0796875 0.028125
36 0.3765625 0.26171875 0.0453125 0.10546875
36 0.72109375 0.30625 0.04921875 0.11953125
37 0.68046875 0.86640625 0.0390625 0.13984375
31 0.14852868749999998 0.7164484375 0.1418561078125 0.7944842890625 0.27423803125 0.78560263125 0.27632825156249996 0.7088021328125 0.14852868749999998 0.7164484375
31 0.35843752812499996 0.73016199375 0.3418224578125 0.813292575 0.48047513437499995 0.831055925 0.49092628749999995 0.7427615609375 0.35843752812499996 0.73016199375
33 0.29700079375 0.6972494578124999 0.3041982453125 0.78299035625 0.3564541875 0.78299035625 0.371782584375 0.6920836734375 0.29700079375 0.6972494578124999
33 0.5295827140625 0.7482638875000001 0.5160092140625 0.838370259375 0.6469976265625 0.8613581281249999 0.666506778125 0.7688841296875 0.5295827140625 0.7482638875000001
38 0.471875 0.8765625 0.20703125 0.1015625
38 0.26875 0.821875 0.1640625 0.07265625
35 0.40890341562500004 0.4416287625 0.40766279531249994 0.46225547499999997 0.806898784375 0.4747943765625 0.80480851875 0.45546365 0.40890341562500004 0.4416287625
35 0.095137240625 0.42572103749999995 0.10086323906250001 0.45467960625000003 0.41300598437499997 0.4243773875 0.411612384375 0.40243441874999997 0.095137240625 0.42572103749999995
37 0.45390625 0.3140625 0.07734375 0.13828125