37 0.40402913793624934 0.36943693942950945 0.05732306738935158 0.10297188730530316
37 0.4422664720082855 0.7975846714828208 0.06201056738935158 0.1031082796251713
37 0.26656242591976687 0.8735153710079672 0.05745976842611089 0.1045343873053028
37 0.22966341644712887 0.4072227812745238 0.06411987153638865 0.10940374373179385
38 0.5367977220082855 0.800335249933493 0.10066296427907381 0.09955738229073816
38 0.36747081503379464 0.8600870199917526 0.10324116013203692 0.09339831050398359
31 0.5296304795011559 0.7362272858268704 0.07843664976444416 0.07709134890464338
31 0.35938562148990594 0.7943938238318188 0.08040925287472209 0.08182431301126591
39 0.31685176668268455 0.33495062767188466 0.03031221658814811 0.02581835391920819
39 0.134878596748703 0.37485289898378565 0.030995721771944408 0.03363085391920819
39 0.48888330009453645 0.31501987556031363 0.02718721658814811 0.025727425705962936
39 0.6490983386901846 0.30253791059576113 0.03412072177194432 0.03372178213245362
40 0.520972630160555 0.36115072947952187 0.12124886635259244 0.10327341567683304
36 0.47189058119731414 0.3612811101209074 0.05079966531583313 0.09966503087881237