31 0.296875 0.6875 0.10625 0.0703125
33 0.42265625 0.6921875 0.09453125 0.075
31 0.540625 0.7125 0.1015625 0.07109375
33 0.66328125 0.72265625 0.09140625 0.059375
38 0.36484375 0.75078125 0.1859375 0.065625
38 0.58359375 0.77890625 0.13359375 0.0671875
37 0.72265625 0.765625 0.0296875 0.09140625
40 0.70078125 0.3359375 0.17890625 0.1203125
40 0.42734375 0.3140625 0.18125 0.10234375
39 0.48203125 0.27421875 0.07421875 0.0265625
39 0.74140625 0.2953125 0.0640625 0.0234375
36 0.53203125 0.309375 0.0375 0.08671875
37 0.334375 0.30390625 0.03515625 0.09609375
37 0.6015625 0.32890625 0.03984375 0.0953125