40 0.7129458938253921 0.3840115722449994 0.13728971732199752 0.20689665665497756
40 0.7092664523955339 0.6569814679429283 0.1335162641334943 0.1646818831160271
39 0.7630144928754524 0.4441308660764892 0.03830558344622812 0.07560001785690744
39 0.7530031642904643 0.7156473559302194 0.03797803482570909 0.06935001785690745
36 0.7190874304601235 0.5011990722449994 0.10960737336031982 0.06591710064862308
36 0.7025771183834788 0.7829945430240063 0.1202173247398008 0.059858015421275466
38 0.2516874892574078 0.35609249269639937 0.09970783016686777 0.20467959172016936
38 0.2249080625268706 0.5911493311701579 0.08984815128862396 0.16548072402541775
31 0.2972876735627185 0.5398402013005416 0.08919969810012063 0.12332049756436803
31 0.321440067276569 0.28449813636573335 0.08426653663473135 0.11855117694751698
33 0.31643606399720864 0.41282768790786095 0.08870837516934209 0.11394549756436803
33 0.28862308174874746 0.6729254366900449 0.09158771370395283 0.10931254464226861
37 0.24416043079880775 0.7346947796280303 0.12038109905006031 0.06298301542127546
37 0.721767615897088 0.2837661103944463 0.11092421189493056 0.06125687418757346
37 0.7099448038204433 0.5654797605566021 0.11717421189493056 0.06136596834337489
35 0.5726672111019611 0.6765690393705582 0.0795325282669884 0.32609094155801355
35 0.5934998530067892 0.37280311120522525 0.08044657507848516 0.2839579886359143