31 0.30859375 0.70078125 0.10390625 0.06953125
31 0.54375 0.7125 0.1171875 0.07265625
33 0.43203125 0.7 0.1171875 0.08046875
33 0.675 0.71875 0.1203125 0.08671875
38 0.37109375 0.7640625 0.18828125 0.07734375
38 0.60390625 0.78828125 0.17109375 0.0734375
40 0.36015625 0.32890625 0.17578125 0.1
39 0.41015625 0.27421875 0.075 0.02421875
40 0.63515625 0.29609375 0.2046875 0.11796875
39 0.65546875 0.24296875 0.06171875 0.02734375
35 0.36328125 0.43359375 0.25234375 0.0265625
35 0.66875 0.4265625 0.33046875 0.02421875