38 0.43718161390209154 0.10323515198594901 0.16380423610255282 0.132939530005819
38 0.5844265732586573 0.9344300759929745 0.17845873195336798 0.1311398480140511
31 0.5510085767831422 0.8369243678972442 0.11825493776222692 0.12611570303441724
31 0.47474265871793264 0.2095647713810052 0.10805114357108572 0.11441292848861026
37 0.6238322767692092 0.2815190039621997 0.06605382033565022 0.1544641015172087
37 0.3138508576783142 0.10481401425400347 0.0745767153566284 0.16447683030538146
40 0.36901229296496324 0.7917878557692726 0.19713879958972597 0.2039853536432407
37 0.45770794006053384 0.8044629410756237 0.08852081618646537 0.16406224212409198
35 0.6838262738694241 0.47896783093360124 0.2603473493799445 0.1159749127367947
35 0.3615988442050743 0.6017368116786279 0.2629987526992924 0.10998000425206378
40 0.7060653589277142 0.321617587601561 0.1781286904615193 0.21951475879399177