10 0.7251556099575508 0.7776415421803892 0.19939443244739827 0.24296240363849114
10 0.5500135124861595 0.8645121877561097 0.16271645280546387 0.20542386228216217
10 0.5584816448135859 0.6320100568626976 0.18751619370616518 0.20346325599585596
10 0.4192467689645644 0.7322368810982999 0.18276813695090494 0.2266096575674325
10 0.23826927436323525 0.6186537624059969 0.20318076650055428 0.22911822745980875
10 0.16287234885566737 0.4266438908182096 0.18927895280546378 0.206661030602962
10 0.46812225092285065 0.3645271503287223 0.195568525599853 0.23187935442427943
10 0.7351268830933936 0.5078213478047416 0.2111935255998528 0.23260710049533806
10 0.6235211497508314 0.35852336103930804 0.17102960055371047 0.21360023531769157
19 0.3652649660668156 0.4976050159206535 0.17265265730897053 0.19030828453190338
19 0.29592827344038464 0.27861526736839554 0.16474002775932117 0.18838191149637407