38 0.545311080105543 0.7739809294615402 0.1318772347764936 0.11545694198043535
38 0.26580538728713526 0.8215208713008012 0.13338519262201592 0.10617294724210709
34 0.3019378091265 0.7186009976515126 0.08337610226293624 0.10169827886860787
34 0.570592360356164 0.6865418426439547 0.07238406010845858 0.09168624203690498
32 0.5257878787029282 0.5078399899707665 0.2342578670936593 0.2619972839891055
32 0.25079242388246814 0.5246381660250119 0.23126013212077384 0.28369027346576187
37 0.6019544272021179 0.30099147951801 0.054197662371394985 0.18746917889684286
37 0.14129120061704772 0.7779745396037132 0.05580561416679299 0.19537268415851478
37 0.3509050116092691 0.26950407401634174 0.040071529857837615 0.17571263154179623
30 0.5673107407284219 0.12247934264395473 0.1993465359079618 0.16780766823232485
30 0.31856871369925477 0.09367513431380649 0.20268970452587265 0.18735026862761298