38 0.78203125 0.0953125 0.2234375 0.090625
38 0.190625 0.86875 0.21875 0.10859375
31 0.12109375 0.77109375 0.1625 0.09296875
31 0.86328125 0.1640625 0.16484375 0.08984375
37 0.1015625 0.22734375 0.06328125 0.1390625
37 0.40546875 0.8421875 0.07578125 0.159375
37 0.9375 0.7390625 0.08203125 0.15859375
37 0.5859375 0.134375 0.05390625 0.12890625
35 0.75390625 0.53984375 0.44921875 0.0328125
35 0.2609375 0.39921875 0.4390625 0.03515625
40 0.24921875 0.2140625 0.21015625 0.13515625
40 0.77421875 0.7515625 0.2453125 0.1734375