29 0.267866281841307 0.6894602070690273 0.11458053846084475 0.15474487153638866
29 0.2559697876322752 0.46744850603226806 0.12148550992479752 0.16935417568342573
29 0.1018365975998539 0.31546775805851834 0.13482026385373888 0.154959485014259
29 0.27426806162020856 0.22551457573069392 0.11279971463952716 0.14992067049962943
29 0.41979457733597425 0.1760011742228233 0.11152831306795061 0.15603396946287015
29 0.524659705748187 0.12215229575921197 0.11152831306795061 0.1560339694628702
29 0.48294104838564217 0.3456978110277769 0.10291529238978611 0.1381629642790739
29 0.5349873535957099 0.527650440057036 0.12809938296032683 0.17771347983046262
7 0.7745678920565546 0.6933313945341653 0.08721751778268025 0.1352334539114814
7 0.6641718935042966 0.6284302729977765 0.1217766083532208 0.17560417568342573
7 0.5944371664587728 0.2838703372295822 0.14318072745980875 0.20081878916129609
7 0.12297965922006245 0.5188367658342127 0.12159251778268029 0.13824087672018487