11 0.399492500209397 0.5798608242843425 0.12708053846084474 0.15442923610255282
11 0.29713594168956037 0.48821593071325686 0.12413962903138528 0.19157403859206373
11 0.4093404193587661 0.8565776122517065 0.11650691149637389 0.16141294191141142
11 0.4812240355698698 0.7271753773985534 0.14895553846084475 0.15608682448483507
11 0.6108194902845995 0.7558117081071659 0.12973465756743252 0.17798513527271603
11 0.7747172861890423 0.5024526776129792 0.13358740363849114 0.1938469336130419
11 0.777855210505698 0.3004165809323271 0.1442338052100677 0.18842572780418312
11 0.5004237233259795 0.2307856294731458 0.1463785020669146 0.20104412697434615
21 0.5904728728306414 0.4351789767784979 0.12075776385373889 0.15239313942190086
11 0.4762669776692057 0.3959486881864341 0.14049237510244392 0.20838303029369404
21 0.6526003835840084 0.5825760402656709 0.12141273531769166 0.16645563942190086