38 0.75859375 0.24296875 0.19765625 0.08125
38 0.36171875 0.18828125 0.15703125 0.07265625
31 0.41171875 0.25546875 0.1125 0.06328125
31 0.8125 0.3140625 0.12734375 0.071875
37 0.58984375 0.26640625 0.04921875 0.1078125
37 0.1796875 0.21484375 0.0515625 0.109375
37 0.421875 0.7109375 0.0671875 0.14375
37 0.82421875 0.81171875 0.06015625 0.140625
35 0.678125 0.63359375 0.37734375 0.04765625
40 0.6859375 0.803125 0.21171875 0.13046875
40 0.28359375 0.696875 0.25625 0.134375
39 0.62265625 0.86484375 0.09140625 0.03046875