30 0.8711334204396378 0.6882180472617226 0.15661256299888784 0.17488489258219672
30 0.8225384837914614 0.48238744911617343 0.16937016823232476 0.20670810266810502
30 0.8161240708913956 0.211785022046952 0.20960032608248014 0.255548394391219
34 0.41519277553190037 0.8434622314554916 0.09003273677523324 0.07481629353213641
34 0.3192068993929503 0.6530618815009201 0.10987479991529536 0.09454893939369349
34 0.2249662628012438 0.38564533016686775 0.12586382096198276 0.10161781094499087
38 0.33150031499443927 0.850759075078485 0.0907453683170294 0.11379690637700648
32 0.5449342124624253 0.7575767203742153 0.2561267155873715 0.22527439620024126
32 0.46150154423010054 0.5553724112382467 0.28745231029746476 0.2549552521477064
32 0.3893333287133162 0.2657466672311405 0.3762865681193854 0.3359396585247132
37 0.13494196032569963 0.21736564167768552 0.206385778868608 0.09337594301173802
37 0.6691496313300347 0.2959885244218012 0.18276626834526438 0.08902263568479167
37 0.2263074968750539 0.5290268379687839 0.17311825256024874 0.08384381275401313
37 0.6953760152909053 0.5590617345077094 0.16503273677523325 0.07874687697836436
37 0.3475964808782768 0.7526867452503015 0.16016322625188958 0.07537621551297527
37 0.7553256808923943 0.7592564863167317 0.1379242052052021 0.06797979534115868
37 0.5254829313159173 0.3032577125722991 0.06758088410204514 0.11725609905006032