38 0.7226089683271911 0.1375817462021669 0.1677291181871082 0.14608137023308557
38 0.1323687975453107 0.8024454098039813 0.13233375212603188 0.13238096878180663
31 0.7251284483233118 0.24032480028585096 0.12219347758022465 0.12267858656782167
31 0.1329902930033828 0.7089409464644701 0.10542056576151389 0.10807044954451292
37 0.2686889348182143 0.7930108677011969 0.06798420970237729 0.14571429328391083
36 0.40196394936208185 0.8304240437472469 0.09773535364324068 0.18570437622353567
36 0.41637494378138384 0.1576239500078492 0.07356453000581897 0.1568154843909034
40 0.33498142256955654 0.15267604438021914 0.17480803667377875 0.19462799763774732
37 0.25092528696364286 0.15171623430608536 0.0770721672787226 0.16161211179556506
37 0.5687689410271322 0.8674453501931836 0.08395989606689529 0.16964286660488845
37 0.5708871005991248 0.16391361162592905 0.08370480455162621 0.1665178666048885