38 0.3533487852966529 0.19091748649288454 0.2103951081851685 0.10089318401734038
38 0.5817470442113308 0.8643751862246534 0.24314370636839727 0.1401222839891055
31 0.5147186540634893 0.7623506836644045 0.16364765394280312 0.09972552616718496
31 0.4073828389301952 0.26942118906725077 0.13411965060882308 0.08089993145709169
37 0.1709668489321349 0.20384387876978596 0.07946384364130096 0.13525423151356133
37 0.5592960252947132 0.2547201941877483 0.08415134364130097 0.1355272472985769
37 0.3514375330014431 0.79130389434304 0.06849439273291544 0.15327618942018653
37 0.7875664805758488 0.8528138728728296 0.08191916394474283 0.14628273677523324
35 0.2294343425540392 0.5934516813159172 0.41674096091032525 0.05692889434304007
35 0.7013086978642697 0.4286189677240972 0.41205346091032524 0.056655878558024494
40 0.2246199414861741 0.7870574681476203 0.2496168469752808 0.16227029977412108
40 0.696732252415896 0.26350990721487094 0.20264625212603188 0.13931864718563744
39 0.17817563405960996 0.8463645787133162 0.07793355242559433 0.04030575256024882