10 0.6124208790313853 0.20038437720966623 0.20135279238978612 0.13537051332783517
10 0.9223491698709856 0.43351409210771175 0.1553016602580289 0.14066576708875883
10 0.6241311286171005 0.3513020195295343 0.19314218610347994 0.16009772868809904
10 0.7318794702210984 0.48706968646000864 0.21232883374611494 0.17001829796757129
10 0.8814492847367912 0.582704098375918 0.18838191149637423 0.15839883636823107
10 0.7610191224118475 0.7274362736861694 0.20818498924663303 0.14805236975432584
10 0.49399644230422374 0.7399516794003796 0.20600605913900907 0.1682739415410804
10 0.22129734284234295 0.6305920851145898 0.2045891083532209 0.1713534774344577
10 0.25811675433871695 0.7845809031404207 0.20273550992479752 0.16505801332783515
10 0.5175451424708395 0.49175587179938984 0.18801803846084475 0.15058633636823088
21 0.4033992133966729 0.6039028676427548 0.1934332845319034 0.16634772868809905
21 0.6230396253073316 0.6126343246232415 0.16007282092583353 0.12012594655564542