10 0.3421875 0.20546875 0.18203125 0.09921875
10 0.0796875 0.4796875 0.1453125 0.11171875
10 0.3640625 0.3546875 0.165625 0.12890625
10 0.2875 0.503125 0.18515625 0.13359375
10 0.16015625 0.61875 0.16171875 0.1265625
10 0.3109375 0.74296875 0.18515625 0.11171875
10 0.57890625 0.71640625 0.17890625 0.13359375
10 0.825 0.56953125 0.175 0.13671875
10 0.821875 0.72578125 0.175 0.13125
10 0.50078125 0.4765625 0.16171875 0.11875
21 0.63828125 0.5703125 0.165625 0.13359375
21 0.42265625 0.61015625 0.13984375 0.0921875