30 0.1622057970141224 0.2625649740210995 0.2515403566887189 0.10621642105489242
30 0.44949262956552627 0.2520362914893662 0.22207137797604232 0.1072654688253194
32 0.7479522728768073 0.3624046170034045 0.24039504307885018 0.169186314618275
30 0.8039998131056658 0.26819007727874916 0.07558986188449915 0.058150989608439826
30 0.23123004055783455 0.6002613519971419 0.09623014381548423 0.06425887797604232
30 0.40174463635079016 0.5980536318344403 0.09219820767745457 0.07330609604505725
30 0.769860851821915 0.6104486330949479 0.2598991599070274 0.11457522427320121
38 0.7861838824155178 0.21984005858931574 0.1537148618844988 0.06361402179152656
37 0.656671345036651 0.25317744645271517 0.04318155347041035 0.08387225544788164
37 0.8337044665564054 0.5057882662667703 0.05975704827462991 0.12079310124083734
32 0.4525801526944351 0.48855829953513785 0.2686293037225118 0.1727155062041863
37 0.3876485574056826 0.3505559189612054 0.0744751121366006 0.13115144703379283