38 0.18331993151195064 0.29613008930724705 0.1446713054894186 0.1472529735504665
38 0.1693784181176085 0.5675122656438413 0.13667694906292788 0.1405479472421071
31 0.2730129173261857 0.26937714448421435 0.10240959765100204 0.08863683674699833
31 0.271866920624891 0.5516436129141832 0.10580738229073816 0.0981938472703419
37 0.8444238822242311 0.60838903868608 0.1437332796251713 0.06140647881213823
40 0.8318232791629526 0.4165732650085567 0.17651233887551357 0.16938557878390342
37 0.835109752045064 0.3418917834244081 0.1499832796251713 0.061770499858825725
37 0.20527515102884966 0.4073784024473093 0.15274456677218975 0.04945251038216938
37 0.1971804723533859 0.7188773445689189 0.1639093873053031 0.057902047213872265
36 0.8456561101209074 0.48991205447109554 0.18003449247815267 0.07599959983059072
35 0.6542749406831507 0.39921291780880186 0.06633100831327017 0.24252069994353018