38 0.18455278288289967 0.17875565249415531 0.10983860831306051 0.08797544191141168
38 0.42762152683277554 0.21435422345450555 0.12384656615858276 0.07966603444287887
38 0.6995965207826513 0.2521431790628717 0.14268746974937904 0.09671182448483524
34 0.16940048155503978 0.25882166079252505 0.05192611436318471 0.06640717261537983
34 0.4039345628389331 0.3039252863169787 0.05980224687674216 0.07793666846619499
34 0.6922839905320302 0.3374886832120566 0.058276108313060605 0.08406826929603187
32 0.20856349638576271 0.41328494046151915 0.16059310811666877 0.2214517153566284
32 0.4650089391059745 0.46629615436825506 0.18561128883482797 0.22647110207923687
32 0.7588543878763104 0.5049614483589037 0.2122828731437835 0.24723388797200824
37 0.1465094448615111 0.6194272740699167 0.035220403394404444 0.14791728174358648
37 0.4146690924021831 0.6725452317528753 0.04149767447164336 0.1530783784242386
37 0.5286891231437834 0.27120971993002063 0.03840903590796181 0.15909158008391255
37 0.8217033249391814 0.30122206433558757 0.0415885780624393 0.1687033784242386
37 0.7094276013791736 0.7339259753286054 0.04625789734428025 0.1659335759347277
30 0.7610860710303566 0.8885551983589035 0.21969539734428026 0.17907588382282355
30 0.4616127909761273 0.8221317572726845 0.18199540944452863 0.1418593037389108
30 0.1793497368195971 0.7609169570582587 0.16791472872636942 0.13766871120744356