30 0.7550843505144205 0.7154044441813769 0.1792976563212708 0.20674540815498563
30 0.7979405127876195 0.46498089535587595 0.1793521984757483 0.21612040815498562
34 0.18431330826174686 0.6765528251519669 0.09106133723582163 0.07763691818411544
34 0.22642458197126433 0.4199020083797772 0.10203519867214013 0.08420516693047428
38 0.13756661505055576 0.38733721245727004 0.10079995159900634 0.14040970282385157
32 0.4062348018188392 0.39357988611816885 0.27953400565734066 0.2502801109788372
32 0.3641462540070207 0.6463244528903586 0.27953400565734077 0.2502801109788372
37 0.5893457210259252 0.7397548894833812 0.1628545240041051 0.06566576708875882
37 0.21711828054520863 0.27410377507282463 0.15658634328594587 0.06235891066226813
37 0.6290814284786641 0.48864101887112554 0.1644352047222643 0.06883623119538154
37 0.18120700986075322 0.5391664854185236 0.15976588544042353 0.07182483887551357