38 0.6012864365653581 0.8804343790621327 0.17062884629715871 0.1637194009729349
32 0.7848327299731842 0.3508075600701348 0.20664275595208464 0.18775691882984216
32 0.625719445948512 0.5139366258157219 0.23048444753799585 0.21626374837514692
32 0.40829627121044887 0.7492640198887976 0.2908863519971419 0.2766205957773593
34 0.8828274695816241 0.4210597845025895 0.07207137797604232 0.0933329886359143
34 0.7432454355569519 0.5838479310112973 0.07519637797604233 0.09338753571381489
34 0.5669171543822713 0.8028139395327141 0.10270937278026224 0.12976141233702024
37 0.8279375098104825 0.5197933392911279 0.07334965471124733 0.13393071509696383
37 0.32947823047738733 0.5058100746773361 0.11111173466476121 0.18296823295387146
30 0.6245572396084398 0.06308480945793149 0.21822511213660042 0.12616961891586298
30 0.4531678307098185 0.2611679561718055 0.2456288462971587 0.16502853084255104
30 0.1890610440872562 0.44412037256601566 0.26285990496334904 0.2105864926931041
37 0.6829631354407363 0.7061417167251124 0.08341306956195353 0.1216216298696164
37 0.5481250516288247 0.3103537041432106 0.0915205005042031 0.14829322402541764
38 0.7739816193491931 0.665442804388092 0.12033391535490931 0.1363114212654743
38 0.9108210656266813 0.5081779549572848 0.10685056956195353 0.12203073295387146