38 0.89140625 0.38046875 0.1234375 0.140625
38 0.103125 0.58203125 0.12265625 0.14453125
31 0.80390625 0.42578125 0.11953125 0.0953125
31 0.20703125 0.5375 0.096875 0.090625
40 0.790625 0.61015625 0.16953125 0.1171875
37 0.79140625 0.5234375 0.1828125 0.0421875
37 0.12421875 0.70703125 0.14921875 0.0390625
35 0.409375 0.34765625 0.03203125 0.24921875
35 0.5953125 0.625 0.05078125 0.28515625
37 0.2109375 0.4390625 0.15703125 0.03671875
37 0.846875 0.2703125 0.14921875 0.0296875
40 0.21328125 0.3546875 0.1625 0.12890625