38 0.6420437209122649 0.058494366046979863 0.1556756572767828 0.11379719764227278
38 0.49379483185168516 0.8734667445256115 0.16868584030732112 0.12055653361182798
31 0.5282020406359784 0.7764352356283629 0.1089282030344176 0.11344968775644126
31 0.6039215807644233 0.1580287924347144 0.10035042848861017 0.1037563527754691
37 0.455356406068835 0.2009232410655704 0.05430434697528099 0.15015650889724858
37 0.7639345674285039 0.0825300908381089 0.06313721303635714 0.16297484387822053
40 0.7100419719995267 0.7666742805717164 0.1830351248550679 0.18187603558899426
37 0.6210592203325367 0.7616777158566994 0.07499948424818452 0.15567167984777566
35 0.3946255554697101 0.38838609038099836 0.25443215060882307 0.08356055239490826
35 0.7172651853257479 0.5766886091268976 0.25873701333591975 0.07906405338349139
40 0.3726395009180839 0.22467375886006752 0.16281821970431692 0.20129719764227277