38 0.7556267895221991 0.2943430318541106 0.08239538524403187 0.20255655347041027
38 0.8080053383159761 0.6950421543822713 0.07278403590796181 0.16127598960843983
31 0.741108729806524 0.6403439467048168 0.06315450585373253 0.1168704257464693
31 0.6848466569104459 0.23546542256750164 0.07262040944452863 0.13315098960843982
37 0.7312075307416004 0.46145412219918464 0.1081033914905479 0.05753898441265974
37 0.7803838114832006 0.875215973440022 0.10967498184962743 0.0592107450563212
37 0.28569906714054144 0.5983382190774209 0.14414088544042353 0.07723947921687965
37 0.187258584603543 0.1889471575612391 0.14097043364502548 0.06920845792955617
35 0.3645336360295987 0.34749662093867684 0.049074866897267456 0.3814028193098521
40 0.19504783782499685 0.3278293411013786 0.13248628883482802 0.2216778940675857
40 0.2989570703619953 0.7376028148703766 0.13586581888905727 0.2656464153549091
39 0.1329609282822723 0.3867947956767401 0.03177724082661779 0.09281021287323474