29 0.6921875 0.346875 0.08984375 0.07421875
29 0.1984375 0.5640625 0.10703125 0.0828125
29 0.328125 0.596875 0.09921875 0.08046875
29 0.4765625 0.58828125 0.1046875 0.07734375
29 0.6109375 0.61484375 0.103125 0.08984375
29 0.60703125 0.72890625 0.14140625 0.08046875
29 0.771875 0.57890625 0.10703125 0.09765625
29 0.8984375 0.5390625 0.09765625 0.084375
29 0.78359375 0.478125 0.1046875 0.0828125
29 0.66484375 0.42578125 0.11875 0.07890625
7 0.653125 0.5265625 0.11875 0.0671875
7 0.51875 0.4890625 0.1015625 0.05546875
7 0.37421875 0.51171875 0.08046875 0.06171875
7 0.42265625 0.69375 0.09765625 0.07890625
7 0.45078125 0.4109375 0.0765625 0.04296875
7 0.45703125 0.3265625 0.08203125 0.0484375
7 0.34453125 0.37265625 0.09375 0.04609375
7 0.565625 0.3671875 0.0765625 0.04453125
7 0.80625 0.3921875 0.06875 0.05703125
7 0.93828125 0.35625 0.08203125 0.07421875