11 0.3085420814837498 0.4190433682780183 0.15218853558899426 0.17551803846084474
11 0.4475223043348936 0.15860463606069866 0.13972302768032882 0.13750861621110372
11 0.42883201825160766 0.3291525765074047 0.14418503460041113 0.17046666542531544
11 0.5158333166550022 0.49914405293375613 0.1301862015966055 0.17137419396136266
11 0.5712105192401908 0.33108756575403775 0.14144203657757756 0.1796961162111038
11 0.6906237055137572 0.2435041366798712 0.12460736364988403 0.14928087014004515
11 0.7846098329666246 0.4341719861417519 0.1479175296574951 0.14724748924663303
11 0.709223877909978 0.6130375407326472 0.16644203657757756 0.18086050992479752
11 0.6779380913324005 0.7853470343225063 0.16806820357377178 0.1824957845319032
21 0.5920708700013126 0.6451522198068137 0.12409802768032882 0.13678087014004525
21 0.6582582385941125 0.4807301548768363 0.13053902866891215 0.14175946856846872