11 0.536095325389861 0.40094845374828847 0.15623291335136286 0.13731344655564542
11 0.43118910204486155 0.3180343168386967 0.19529541335136286 0.13845004922121246
11 0.8091237453850886 0.35783598508931924 0.16393632535008998 0.12816576708875882
11 0.6930089440642698 0.4534332930860203 0.15961245202099902 0.15927937476889084
11 0.7389856100811325 0.5763563160472739 0.17972495735199914 0.14268290815498563
11 0.5140054334420405 0.786096343560874 0.1954045013526354 0.14782504922121226
11 0.3159861041135857 0.8278077851019544 0.19082608935390813 0.15706365690134447
11 0.20745379941117825 0.5675953622989856 0.20494313335454448 0.16216033386094858
21 0.42138048675204154 0.6168582617449895 0.15616018801718107 0.13106344655564542
11 0.3662288154041785 0.511395523423472 0.21112040802036267 0.15609219028743926
21 0.5757321794239049 0.6506612972426554 0.1686783693507266 0.13298965940862678