38 0.14795646371091128 0.14546128902274152 0.23966555674305984 0.13636411905195925
38 0.8451995927694511 0.7790375815040441 0.23860316191590947 0.1534970553496283
31 0.8952343481797275 0.6688069204341185 0.17225073620994635 0.1262053798517325
31 0.08343697413575255 0.22824899637180293 0.1668739482715051 0.12475200725639413
37 0.8405842329112412 0.132981037039007 0.09025659012915455 0.1514385036281971
37 0.6284750940230924 0.7975321542768677 0.10651808762187223 0.1738591406515056
37 0.08731889660951717 0.8078447271345093 0.11276808762187225 0.174077395460829
37 0.3470615534443546 0.14241066697555743 0.07895537727617326 0.13855655771188108
35 0.2400504061764286 0.5746180209665741 0.45166545157021043 0.12659728256895555
35 0.7075120054767833 0.33430297877897175 0.4422449874635877 0.1247074003549705
40 0.6925642700582598 0.15063730690927288 0.23459762351524951 0.17677086424263583
40 0.2502962697290553 0.7857638520921002 0.27810358260730733 0.22355658420556884