38 0.296875 0.2140625 0.1625 0.04375
32 0.23359375 0.39453125 0.265625 0.171875
34 0.3171875 0.27578125 0.06875 0.0453125
37 0.14921875 0.25625 0.03671875 0.09921875
30 0.24765625 0.66640625 0.246875 0.10703125
37 0.32421875 0.55859375 0.04296875 0.11015625
30 0.625 0.22734375 0.25390625 0.08828125
37 0.56171875 0.33125 0.0421875 0.09296875
37 0.74140625 0.6421875 0.03515625 0.1296875
34 0.5484375 0.6140625 0.096875 0.06796875
32 0.63046875 0.4984375 0.275 0.15390625
38 0.5859375 0.6890625 0.1609375 0.06171875