38 0.19612745496044431 0.7758066627085848 0.055968425314672166 0.14299972749876275
32 0.32803938317490144 0.836055845204873 0.15691746390673594 0.2634560696514182
34 0.23761713794878628 0.7458225915868285 0.05277164772027056 0.10081222749876276
32 0.3128343159627508 0.5191649163266293 0.13134877884380147 0.23410276232447186
34 0.23435504106764152 0.46799084068231733 0.058808160167825106 0.0777841632744117
32 0.3255640719860355 0.2476617305509805 0.13388178299298642 0.22645403663473135
34 0.247037252899785 0.20746609848423345 0.04869945435896632 0.08814845318850324
30 0.5724648120140585 0.8088636606724198 0.12429514067130061 0.305322665083434
37 0.21660866616788788 0.6090285984842334 0.08671967261537983 0.055902519221876903
30 0.5451032869184566 0.4764329409755731 0.10701255228901836 0.28262879353213644
37 0.4549107977156261 0.11404140434084167 0.09917305103961845 0.09701884215265535
30 0.5573011692913875 0.16019378731209993 0.12289766141722502 0.2663420522385636
37 0.21563262632642424 0.9117375186560499 0.09801237012586883 0.06116322930778502