30 0.34990635662000213 0.32313730823132614 0.21197383601209036 0.10134821032569956
30 0.7007752292330046 0.6977461112009806 0.33128745735199916 0.1567021102127601
32 0.30684505792491257 0.5348784450347942 0.3143908586887262 0.1807010523343699
32 0.681900149268003 0.44120768486438644 0.2874465506842718 0.14634146288594838
38 0.18047181989977734 0.7272696133377062 0.2087033853437268 0.0886661998023559
34 0.17748372724382228 0.648590876491886 0.10241702267663592 0.07935284200867017
34 0.751568306612048 0.35829720335082504 0.06306362133990877 0.05207771046687402
37 0.27569614994432073 0.3938208055299031 0.05724997334499946 0.08921368942018662
37 0.3894201059039135 0.6846516609045145 0.08290450135263541 0.14691977360693614
37 0.7847422439131403 0.5937040823323725 0.1000920013526354 0.1479208314853265
37 0.5870245486155479 0.3421170084572051 0.06829656134627218 0.0992257262518895