11 0.67109375 0.5312357168717716 0.1734375 0.1403394742194024
11 0.67421875 0.626384442561512 0.1671875 0.1259494255988834
11 0.7171875 0.40147629579544386 0.171875 0.15275758706427284
11 0.90390625 0.4112220307574385 0.1796875 0.14535452283992142
11 0.646875 0.2832862177762827 0.1953125 0.189923394391219
11 0.4375 0.12238409656366947 0.1921875 0.16475962008095948
11 0.32734375 0.264094641000317 0.14375 0.1434711182719372
11 0.1859375 0.34025542853955953 0.1765625 0.1451907485296619
11 0.334375 0.552007398802233 0.1765625 0.14050324852966192
11 0.5109375 0.5388479002725711 0.1640625 0.12266065128862387
21 0.42109375 0.4224626616925319 0.1734375 0.1247144742194024
21 0.47578125 0.33131536126299055 0.159375 0.1333524898232347