11 0.6356243236724529 0.5081592374105177 0.17989458565349709 0.16920356826055957
11 0.6418029038780683 0.6301707453030255 0.22073810694082036 0.17469470506402765
11 0.8110124537421823 0.42499187968741914 0.20056771857321784 0.15329014192396553
11 0.6794186102950152 0.32675804799033115 0.1858168037225118 0.16488008930724707
11 0.46607628419989916 0.6411900872411085 0.1659741972858944 0.14816302616718496
11 0.29989962714286317 0.6092938870858168 0.16103532500983525 0.16654900512049764
11 0.30700801475416106 0.4080653160532468 0.18850476114786482 0.15881209983059072
10 0.1380555549830195 0.5159596579913298 0.20365986758448215 0.17525614718563745
10 0.8059761204344739 0.1734825875940444 0.20801958565349707 0.17084166297065298
10 0.5049652774915098 0.23258936098921898 0.22350247402109957 0.19197321032569956
21 0.4919621689612055 0.3831731899142968 0.14700567599857095 0.14394596302712265
21 0.4472502385231591 0.5065798688111396 0.15314641535490914 0.14274748407381016