11 0.32258933127786615 0.38952814767974764 0.10210903469127164 0.18707433674699833
11 0.4554820052514583 0.5761874425451327 0.11453630935708983 0.18155237884037306
11 0.33982973325114013 0.5852655819088495 0.1049794960216354 0.1653813472703421
11 0.500138882558914 0.7640822846949773 0.1081044960216353 0.16556335779368575
11 0.3837508138924595 0.76929967668953 0.10828630935708983 0.18118835779368575
11 0.7112127425605049 0.7400778243692775 0.14876585868872638 0.1710544945971538
11 0.7238160239497295 0.3279040480609184 0.14925675469445315 0.21324199459715382
11 0.5840546372931381 0.26187577161138476 0.10172722668681722 0.15426183674699834
11 0.46239671861077536 0.38450817676011717 0.1079045013526354 0.14837585779368573
11 0.47076484396881957 0.20211290571342974 0.12085903469127146 0.18816639988706055
21 0.6107154926002758 0.45316092427045557 0.08277723201781732 0.13598227360693613
21 0.5814627025780041 0.6188160163497128 0.11431813335454458 0.16280237884037305