38 0.37476509741262376 0.8332670600035726 0.2342715237259961 0.12856131461827508
38 0.7620410380604522 0.12769585911138198 0.25209569368794005 0.14538818169855414
31 0.45968658406675084 0.7638672139585155 0.16800985376405214 0.10834736758448216
31 0.6711388068435326 0.22336862805291693 0.18908635771838506 0.12851775595208464
37 0.19356683554962564 0.7895274037028412 0.07291752965749523 0.14532320767745474
37 0.9586202663116223 0.17224961640084904 0.08275946737675532 0.17497785668871887
35 0.36011241802195865 0.3775251583944183 0.5064356838021083 0.11643192725907872
35 0.7741006514631904 0.6351095213641981 0.45179869707361925 0.11460734730556492
40 0.7535930929639995 0.7856229735937711 0.27543503460041113 0.18285533070981846
40 0.3372466265014653 0.1816881345092048 0.28975220258518863 0.19008867650277406
37 0.5129469634596036 0.18663844241909047 0.09670253954332697 0.1937278566887189
37 0.5964517550172779 0.7746740379599445 0.08879719764227297 0.15266581411407198
39 0.31835736364988404 0.12189787126765299 0.09878500988583169 0.05364915990702759