11 0.5495490839035954 0.7166469860757239 0.18435791335136287 0.134939716024817
11 0.2671638452419133 0.6766374147039983 0.19233404535327175 0.14909312269254435
11 0.41558371125082194 0.6127305507240429 0.1751283640197263 0.14733062802354446
11 0.20699050859327608 0.5431067520289533 0.17182155068427196 0.13166926535645337
11 0.18653365260982077 0.4209772133593169 0.1608295066836356 0.1268544960216353
11 0.6290558652530491 0.598806052752996 0.17512836401972648 0.14733062802354446
10 0.6731342239417754 0.43679694875872305 0.18292268268618095 0.14585903469127165
10 0.8075621259150493 0.6352628154439495 0.19713063335454456 0.15852266669318063
10 0.26095349196372897 0.2702601453691802 0.22113175469445326 0.20723288669636233
21 0.35451094593413945 0.48934704738222506 0.1704408640197263 0.147276084022908
21 0.5146762866009121 0.490429384070633 0.15777723201781732 0.13306813335454457