38 0.18359375 0.23515625 0.0796875 0.08828125
38 0.1671875 0.41015625 0.0703125 0.11171875
38 0.146875 0.6796875 0.09140625 0.14296875
34 0.26171875 0.21640625 0.0640625 0.053125
34 0.2578125 0.39765625 0.06953125 0.0609375
34 0.25078125 0.6515625 0.0875 0.07734375
32 0.39921875 0.24765625 0.1765625 0.1234375
32 0.40703125 0.45390625 0.1953125 0.1703125
32 0.4203125 0.740625 0.221875 0.20703125
30 0.70078125 0.2203125 0.1078125 0.1328125
30 0.75625 0.44453125 0.14140625 0.1609375
30 0.83125 0.74140625 0.15078125 0.20859375
37 0.2375 0.303125 0.13203125 0.01796875
37 0.57265625 0.2 0.12734375 0.03046875
37 0.6078125 0.403125 0.134375 0.0265625
37 0.20859375 0.5078125 0.1453125 0.040625
37 0.175 0.80546875 0.17265625 0.040625
37 0.66015625 0.67734375 0.1609375 0.0328125