30 0.40537492283909443 0.6917316400958058 0.2681365385920637 0.12921826775153883
30 0.8079005460652411 0.24865451096973482 0.3820573286340199 0.1538641429208809
32 0.4074297172307282 0.41866927634642437 0.29967180373891084 0.19623534938874448
32 0.7727498317575197 0.5611002792871005 0.3234645012493999 0.202151156715691
34 0.8667860195197464 0.6738249293325291 0.09524256763635783 0.0656869549975255
34 0.2981586931608115 0.28085941711959883 0.12346265601864026 0.08895403663473136
38 0.3210265854824973 0.19965700474969839 0.21181476099766208 0.08424660447712728
38 0.8416685429649633 0.7253398417024295 0.18442346680652086 0.07191702283992144
37 0.33513143258735667 0.582466182723431 0.07665943361304191 0.12852114767057934
37 0.896326273869424 0.38049765321324724 0.10092572780418294 0.14068695499752568
37 0.5124813022890182 0.252371489711693 0.0860111228251613 0.1492430834462281
37 0.6877021707645019 0.6808572585948857 0.06058414772027056 0.10122166327441154