11 0.40859375 0.32734375 0.18203125 0.09921875
11 0.603125 0.4625 0.175 0.11171875
11 0.60546875 0.346875 0.15859375 0.10390625
11 0.79375 0.509375 0.15859375 0.10703125
11 0.7921875 0.39296875 0.175 0.10703125
11 0.78203125 0.7203125 0.16171875 0.14609375
11 0.3703125 0.728125 0.2046875 0.14609375
11 0.29609375 0.5875 0.1484375 0.09921875
11 0.41171875 0.4671875 0.1421875 0.10703125
11 0.2296875 0.4734375 0.18203125 0.11875
21 0.4890625 0.61640625 0.13203125 0.08203125
21 0.653125 0.5890625 0.15546875 0.11171875