38 0.3325072947372571 0.17682287251052026 0.21028549620027787 0.11350697241000382
38 0.7062656770491673 0.7822419709744234 0.24556968597979179 0.15376987386128266
31 0.6182734081474659 0.6969617246026205 0.16490026101791672 0.10879962504240907
31 0.40282110115802106 0.24160956960796262 0.13477634992375015 0.08901291469812271
37 0.15699945488149325 0.228301070873907 0.08285148043270843 0.1387202488188736
37 0.5479329261961461 0.1943203634400276 0.08753898043270851 0.13888393992586626
37 0.46571275902114645 0.7601487492822099 0.07231402393569457 0.15552580290255769
37 0.90513828172257 0.7268203170760739 0.08466855357097244 0.14971231252120454
35 0.3015560739912852 0.5938665287711226 0.4156626740119445 0.08320938111767688
35 0.7255338621759378 0.3335490106301372 0.4109388064207639 0.08148319001068423
40 0.34036792011531314 0.7832911273198437 0.2523288322563196 0.1758631286706059
40 0.6842880002843404 0.17392103948607773 0.20647081838861112 0.15084328130301125
39 0.3083197927404869 0.850870496919957 0.07910692496187507 0.04491568511654265