11 0.41328125 0.4375 0.1453125 0.13125
11 0.44140625 0.31875 0.18828125 0.1265625
11 0.221875 0.47109375 0.171875 0.109375
11 0.32109375 0.6 0.15234375 0.12421875
11 0.61328125 0.3546875 0.1359375 0.1140625
11 0.7640625 0.42890625 0.12578125 0.13359375
11 0.70234375 0.6203125 0.15546875 0.11875
10 0.89453125 0.56171875 0.16875 0.13125
10 0.15703125 0.7140625 0.175 0.12421875
10 0.46328125 0.73671875 0.18515625 0.14375
21 0.5171875 0.5953125 0.115625 0.1140625
21 0.59453125 0.4890625 0.1234375 0.1109375