30 0.7890625 0.27890625 0.11484375 0.14296875
30 0.80234375 0.4859375 0.11875 0.17578125
30 0.87734375 0.746875 0.14765625 0.215625
34 0.29296875 0.2171875 0.07578125 0.05390625
34 0.25546875 0.41875 0.08984375 0.06796875
34 0.2421875 0.69296875 0.10546875 0.07265625
38 0.2078125 0.2265625 0.0625 0.09765625
32 0.44609375 0.275 0.21015625 0.1671875
32 0.425 0.48515625 0.23515625 0.1890625
32 0.43984375 0.7765625 0.30703125 0.25
37 0.20390625 0.871875 0.1984375 0.0359375
37 0.70703125 0.69375 0.1734375 0.0390625
37 0.20078125 0.55546875 0.165625 0.0359375
37 0.65390625 0.43671875 0.1578125 0.0328125
37 0.253125 0.31796875 0.15234375 0.03046875
37 0.653125 0.2328125 0.13046875 0.0296875
37 0.56328125 0.71484375 0.0359375 0.109375