29 0.2519125988583174 0.48502983590559856 0.139306533611828 0.16866215471124751
29 0.3116536492760593 0.727588676502774 0.12954953163466154 0.15863159084927717
7 0.3785652821661342 0.5725676767548756 0.10439302273741298 0.11480518119435104
29 0.46292964779318463 0.7311557089379623 0.09801568874502423 0.11124313861970414
7 0.5634469595424519 0.6361324220632986 0.1055735207602467 0.10553944183801285
29 0.5798279877170724 0.7704909965689308 0.0954636917107738 0.1250871173323807
29 0.5282402658916929 0.9000967330752774 0.10053319368794007 0.13478989926336596
7 0.6491934585538688 0.637454257464694 0.08408052273741298 0.11338479282674854
29 0.6963960638007958 0.7443651751653917 0.09259335969555131 0.13111859604505724
7 0.49848521543676994 0.26544858146612305 0.10815469269935693 0.13064870248167448
29 0.5908239071475437 0.3903171775111802 0.10818386760421675 0.16960194183801275
29 0.6488366784020819 0.49486791971751004 0.09134919467652339 0.13882183540139542
29 0.7421012001509117 0.6042207764062291 0.08953202669174587 0.13246257475773363
7 0.7743340855124445 0.4584601621759415 0.07601335475263546 0.10658848960843983
29 0.824407022774594 0.5593396011639626 0.08028436068413462 0.1349320108957633
7 0.3484586991251476 0.17783433096191997 0.11861203163466154 0.1578667663436449
7 0.41684257908665395 0.40307998542106593 0.10735619665368965 0.14928944183801285
7 0.5064236853221642 0.5176284405006305 0.09195668973360753 0.11549359604505724
7 0.7231124837255587 0.3676277125442586 0.071997016805914 0.08449496832111639
7 0.3853205954354574 0.8721852645020596 0.10404019566510643 0.14438342055068923