29 0.50625 0.76875 0.1453125 0.1140625
29 0.7359375 0.6859375 0.1359375 0.10703125
7 0.5671875 0.6359375 0.09609375 0.08671875
29 0.7078125 0.53671875 0.09296875 0.08203125
7 0.5921875 0.44765625 0.0859375 0.09140625
29 0.72265625 0.41796875 0.109375 0.0765625
29 0.86328125 0.45625 0.11875 0.0796875
7 0.57578125 0.36328125 0.09921875 0.0671875
29 0.67265625 0.30625 0.115625 0.071875
7 0.23515625 0.5484375 0.1125 0.0890625
29 0.340625 0.4453125 0.15234375 0.08203125
29 0.4328125 0.37734375 0.12578125 0.06953125
29 0.52265625 0.275 0.11875 0.06953125
7 0.3703125 0.2578125 0.09296875 0.059375
29 0.4609375 0.1984375 0.12265625 0.059375
7 0.17890625 0.7046875 0.1390625 0.09453125
7 0.38984375 0.61484375 0.13203125 0.084375
7 0.4859375 0.515625 0.09921875 0.07421875
7 0.290625 0.3171875 0.07265625 0.059375
7 0.86484375 0.59921875 0.12890625 0.08203125