38 0.25078125 0.240625 0.1390625 0.03828125
32 0.190625 0.3734375 0.25 0.12578125
34 0.28046875 0.28125 0.096875 0.040625
32 0.50703125 0.35078125 0.2234375 0.103125
34 0.5578125 0.27109375 0.07109375 0.04921875
32 0.778125 0.35703125 0.21640625 0.10546875
34 0.81796875 0.278125 0.08359375 0.03671875
30 0.21796875 0.61640625 0.2953125 0.0859375
37 0.4171875 0.25703125 0.046875 0.08203125
30 0.55 0.58125 0.27578125 0.071875
37 0.91171875 0.48359375 0.08671875 0.08828125
30 0.86875 0.5875 0.26171875 0.0890625
37 0.11484375 0.26328125 0.05078125 0.08984375