38 0.23940235165502957 0.1721663848485086 0.17691954274124866 0.12059961037760658
38 0.6903492064103368 0.8021290012261779 0.23975142946385725 0.15021717801396442
31 0.1916384352634271 0.23870361202799179 0.14784734937994443 0.10596842531467213
31 0.7836624211422654 0.7290331981119671 0.15805114357108555 0.11761632033565021
37 0.0725249342145199 0.7137879676317136 0.09058022365499821 0.1497883576783142
37 0.5203928265362057 0.7590805086993552 0.08253092531467203 0.14607136182749905
37 0.8749469201165802 0.2521737775711797 0.07954763527271566 0.1272029626573361
37 0.4378389290396497 0.20839619231239698 0.10381392946385706 0.13991645020978147
36 0.3336866545455258 0.7320597578741624 0.08217572780418311 0.14138386182749904
40 0.74096300642427 0.23669325537536282 0.26063261452679143 0.1797629680559208
36 0.6491073931468784 0.21879720558514423 0.09900803029369402 0.13799875269929238
35 0.7170258311095978 0.3783246483217485 0.38979805103961845 0.12119529668994086