38 0.12424910310492207 0.2789191371077885 0.09964664772027051 0.10434514342930994
38 0.1219258960466634 0.45321823026024327 0.09673513527271585 0.12748225478036196
38 0.12415828919354177 0.7212976017903281 0.12433991701630243 0.16345932757475107
34 0.20083583650818254 0.24291298349944573 0.07661096680652095 0.0671059592838688
34 0.2114386819394348 0.4210484754798813 0.08345296265733611 0.07531897748246603
34 0.2251297159581064 0.6712895049372455 0.10530465186945541 0.09693316162790726
32 0.3407504414872044 0.24327632403100682 0.2051163203356503 0.16241606415651583
32 0.36526149895109283 0.44306677051494914 0.23534919461070397 0.21255576650055427
32 0.40176214832174856 0.7206119771779242 0.2696775730349426 0.2551833574935408
30 0.640124402069948 0.15023321869693446 0.13781042116548736 0.15654799352159499
30 0.7138066653426952 0.3577570195920985 0.17779680373891082 0.19176360271317866
30 0.812807314713351 0.6312970442691007 0.19865467801396441 0.24130252775932134
37 0.1838716342238087 0.3334075755721663 0.1357724792540756 0.04757351172019231
37 0.5104369020699481 0.1585439713178281 0.13515717261537982 0.05997338217054295
37 0.56204325579957 0.34960096545773195 0.14105197510489073 0.05568640036914019
37 0.17136794376228953 0.5394573164728677 0.15473596680652096 0.07211243676633483
37 0.16197575267607042 0.8378249653008485 0.18165366431701005 0.07850213911037329
37 0.636683445212182 0.6060431277039481 0.16844326929603176 0.06832610271317882