32 0.29072672293581875 0.6296874668828902 0.23548902179152656 0.15785717313564335
32 0.6168475544788163 0.3543749205189365 0.23937884629715872 0.16890380054030488
32 0.4929573143661735 0.13941709783093098 0.2163783888718056 0.17433534500534212
32 0.8026254254174934 0.7151883910300237 0.22509782500983527 0.16528772721932725
34 0.8793678778991678 0.8158853062763007 0.09666718639013112 0.06728175843752027
34 0.48048335560343813 0.5322147222403678 0.0934329257464693 0.06561013103285873
34 0.22385094335062208 0.5356944194226282 0.08929172896477802 0.07325893992586625
34 0.734046126134457 0.3056422654394606 0.08038662252816078 0.05736112141421197
34 0.36158698206687123 0.1870783262313846 0.07926116510280767 0.06355655771188107
30 0.27210168111747646 0.8449230864830035 0.2622264844126597 0.11670638347992934
30 0.8012657491668207 0.5053495995602115 0.26069683540139543 0.09483138347992952
30 0.32145864482389036 0.3411953965571374 0.13040803788306993 0.19315477767481423