29 0.3453125 0.771875 0.140625 0.10078125
29 0.5671875 0.76171875 0.1546875 0.10703125
29 0.71328125 0.9015625 0.13828125 0.12109375
29 0.809375 0.71953125 0.1359375 0.10078125
29 0.8640625 0.56796875 0.1421875 0.09765625
29 0.921875 0.45703125 0.1421875 0.09609375
29 0.696875 0.52109375 0.12578125 0.09140625
29 0.51640625 0.48671875 0.1609375 0.11171875
7 0.359375 0.26171875 0.12421875 0.07421875
7 0.4203125 0.36640625 0.1609375 0.10625
7 0.7625 0.40234375 0.1828125 0.125
7 0.5109375 0.90078125 0.121875 0.11015625