11 0.6389236445377541 0.6821157429692366 0.16726889081820956 0.13968336189159736
11 0.8891504687733564 0.5420044617184383 0.1293322431755744 0.1294355397032639
11 0.7207108378799443 0.5614960780753477 0.16221751778268026 0.1317617591180557
11 0.5442339210068867 0.47544620924989633 0.16468754631872748 0.1177719943004167
11 0.7086195986333113 0.4191812915062158 0.17300946856846852 0.12889133225631966
11 0.7873181792790543 0.29927014142996594 0.14266699710451575 0.114137848023889
11 0.5909825266740205 0.20573442771475742 0.1406336162111037 0.13750261284152793
11 0.418204306243525 0.28287488991135457 0.17261136228216234 0.15385496466513898
11 0.2480395095105127 0.31559320488149323 0.1726841368892682 0.155417464665139
21 0.39401128908001726 0.4001526556789239 0.13016699710451585 0.11384690729444458
21 0.5532000444567007 0.33284113516170183 0.1351455955329392 0.12020601006798622