38 0.5751564682355091 0.8375264626580368 0.17395673658176455 0.08419554220663698
32 0.6901072470745644 0.6791975397677095 0.31481917334809956 0.23648651947846525
34 0.574624344545956 0.7726008920411858 0.08203005243632351 0.06230117694751698
37 0.7286319216592817 0.83473051947517 0.06774630937615385 0.10731366801906325
30 0.7595731500645984 0.41292370332254585 0.2761386027131788 0.1686990016215578
37 0.6532347100590611 0.497883310060249 0.07625971622369895 0.11838753571381488
30 0.26543911166481904 0.739829707790068 0.2765996776670362 0.1515387751605081
37 0.3576649868955317 0.655405889201812 0.07057092072720587 0.10268071509696383
37 0.28052480259320706 0.3091427694784653 0.07423614126984165 0.13552048863591432
34 0.456287463759689 0.3857303632272296 0.11674501387966067 0.09256142126547413
32 0.34251725555555435 0.4768172390396561 0.3169428778516063 0.2209160665563658
38 0.44352545034145363 0.30416671752930063 0.17828329117755662 0.10300008928453738