38 0.7347857220321349 0.27508288217828875 0.16633407200827238 0.06961753844375362
32 0.7806993007240428 0.46331322252192175 0.2851215293602715 0.213259075078485
34 0.7089141127068618 0.333065800541083 0.07403748400699968 0.055411196291098364
37 0.8776459313733163 0.3403471132950962 0.049637468013999354 0.10566350180902226
30 0.7416480807606319 0.7306335193334185 0.25779541335136286 0.1462419934412793
37 0.6754589120782691 0.6116102023955338 0.056014737348817435 0.11692855042954128
30 0.4064152740292714 0.23679282960104087 0.2638272373488174 0.12781954206179832
37 0.4600408080442252 0.3496922992978876 0.05268974267981754 0.09957727611928177
37 0.252485036083678 0.629262533355371 0.05154541335136287 0.1354328889641522
34 0.44692537941595073 0.6316449841690253 0.10403406667727229 0.08352955223856355
32 0.37595780406586055 0.5045635057657512 0.29117153469127166 0.196399123699004
38 0.40243103942549574 0.6995827566702623 0.16811474801081766 0.08844942559888339