38 0.378125 0.128125 0.22109375 0.0890625
38 0.71953125 0.84453125 0.23828125 0.10390625
31 0.45859375 0.2 0.15546875 0.08203125
31 0.63515625 0.74609375 0.17578125 0.0984375
37 0.19453125 0.165625 0.05234375 0.1359375
37 0.92734375 0.80703125 0.075 0.16328125
35 0.334375 0.58125 0.50390625 0.028125
35 0.7671875 0.33984375 0.45234375 0.0359375
40 0.753125 0.1890625 0.25625 0.13828125
40 0.29921875 0.77578125 0.26796875 0.14296875
37 0.475 0.77734375 0.0703125 0.18203125
37 0.59609375 0.19453125 0.06875 0.14140625
39 0.2765625 0.834375 0.09375 0.03828125