29 0.35859375 0.2453125 0.1359375 0.07578125
29 0.4546875 0.309375 0.1140625 0.07578125
29 0.63125 0.34296875 0.1359375 0.07578125
29 0.86015625 0.49453125 0.134375 0.090625
29 0.696875 0.4515625 0.1296875 0.071875
29 0.69140625 0.59140625 0.12734375 0.096875
29 0.75859375 0.753125 0.1359375 0.115625
29 0.51640625 0.85 0.1515625 0.11875
29 0.278125 0.52890625 0.1453125 0.09921875
29 0.3765625 0.43984375 0.12734375 0.07578125
7 0.29296875 0.3171875 0.103125 0.05859375
7 0.175 0.6484375 0.1453125 0.08359375
7 0.20546875 0.4015625 0.10703125 0.065625
7 0.35390625 0.7078125 0.140625 0.08515625
7 0.45234375 0.5921875 0.12734375 0.08515625
7 0.525 0.4015625 0.103125 0.07890625
7 0.55625 0.51640625 0.1203125 0.08046875
7 0.14609375 0.815625 0.16328125 0.096875
7 0.559375 0.6984375 0.1359375 0.09375
7 0.87109375 0.6515625 0.125 0.090625