7 0.4513279371003772 0.9058757326351943 0.08940914772652384 0.10988406010845857
7 0.4495723425375388 0.7379342537124332 0.08324096834337488 0.11453519867214013
7 0.36638374148187863 0.6704563831027326 0.09097164772652384 0.10989315046753809
7 0.29325197889997695 0.5638614703385543 0.06753414772652384 0.10975679508134384
7 0.40872084050564866 0.3483677596643615 0.07860801542127546 0.1176329275949013
7 0.5132759269508123 0.40009791042648735 0.08488528896022593 0.11923178903121964
7 0.5289303802799487 0.5773325761175319 0.07556483603812651 0.12230224687674199
7 0.6093700823912691 0.7127882870863121 0.0849671095770768 0.12391928903121965
7 0.619942938314898 0.4650956756499937 0.09127165665497756 0.12708065046753808
7 0.5612357345787246 0.1139104255517978 0.0945057508107789 0.13334883118569746
29 0.2391020413991531 0.4438762232654204 0.08518529788867957 0.13641928903121983
29 0.4290394744357501 0.5716643590986275 0.09258869480442442 0.11302724082661797
29 0.3614037353927987 0.46347513007767044 0.08502165665497756 0.12704428903121964
29 0.30470549634984734 0.3552222685431561 0.09258869480442451 0.11302724082661779
29 0.36094363393010137 0.2213149011549093 0.08485801542127547 0.11766928903121973
29 0.4566806481335609 0.06363018706287103 0.08351370373287814 0.12726037412574207
29 0.4940873705374208 0.24631892545360196 0.08472164772652384 0.10985678903121973
29 0.6040293863657334 0.3027047599589491 0.08652960957707698 0.12392837939029935
29 0.7224015109603439 0.3684155974893583 0.1055796185055307 0.14122496369925486
29 0.6972030933483178 0.6036945673369332 0.10865007142762977 0.1381181444174139