38 0.8136673438630473 0.9364428331093408 0.23404034200867016 0.10687216831236128
38 0.21689063936371683 0.12051644101378489 0.23044490514873237 0.12551306553881963
31 0.14813220506402777 0.21253898043270847 0.17310284200867015 0.10545383225631957
31 0.8950923781345015 0.8743623668286812 0.17604583148532668 0.10240156743868098
37 0.1312735308641594 0.7535990851061112 0.07859397881213828 0.14382404160312506
37 0.4323560156438412 0.1629806172099309 0.09227704721387227 0.16442748233256954
37 0.9582363406932523 0.30646831164218835 0.08352731861349554 0.1661354526972918
37 0.6170506781203839 0.8827145018029519 0.06701944198043534 0.13263196846486097
35 0.7778119997882385 0.49102123033579925 0.444376000423523 0.06676023385118093
35 0.2905134810194512 0.5942455349536113 0.44399219468185847 0.06806816071291699
40 0.2793771018967294 0.7781113886770835 0.22408848933548198 0.15033122758291687
40 0.8020531365917065 0.2815923321594104 0.2655171261389501 0.1918654173624308