38 0.86015625 0.39375 0.1234375 0.1328125
38 0.12109375 0.575 0.1125 0.13984375
31 0.77734375 0.43671875 0.12890625 0.1015625
31 0.225 0.53125 0.10546875 0.10234375
37 0.1515625 0.69765625 0.14453125 0.04765625
40 0.81875 0.63984375 0.1984375 0.1578125
37 0.82421875 0.54609375 0.16015625 0.040625
37 0.8234375 0.28828125 0.14921875 0.04296875
37 0.1765625 0.44609375 0.1421875 0.03828125
35 0.62890625 0.63828125 0.034375 0.27734375
35 0.35859375 0.353125 0.021875 0.2296875
40 0.19765625 0.35 0.1765625 0.146875